1 125 1 2
2 125 1 3
3 125 1 4
4 125 1 5
5 125 6 7
6 125 6 8
7 125 6 9
8 125 6 10
9 125 11 12
10 125 11 13
11 125 11 14
12 125 11 15
13 125 16 17
14 125 16 18
15 125 16 19
16 125 16 20
17 125 21 22
18 125 21 23
19 125 21 24
20 125 21 25
21 125 26 27
22 125 26 28
23 125 26 29
24 125 26 30
25 125 31 32
26 125 31 33
27 125 31 34
28 125 31 35
29 125 36 37
30 125 36 38
31 125 36 39
32 125 36 40
33 125 41 42
34 125 41 43
35 125 41 44
36 125 41 45
37 125 46 47
38 125 46 48
39 125 46 49
40 125 46 50
41 125 51 52
42 125 51 53
43 125 51 54
44 125 51 55
45 125 56 57
46 125 56 58
47 125 56 59
48 125 56 60
49 125 61 62
50 125 61 63
51 125 61 64
52 125 61 65
53 125 66 67
54 125 66 68
55 125 66 69
56 125 66 70
57 125 71 72
58 125 71 73
59 125 71 74
60 125 71 75
61 125 76 77
62 125 76 78
63 125 76 79
64 125 76 80
65 125 81 82
66 125 81 83
67 125 81 84
68 125 81 85
69 125 86 87
70 125 86 88
71 125 86 89
72 125 86 90
73 125 91 92
74 125 91 93
75 125 91 94
76 125 91 95
77 125 96 97
78 125 96 98
79 125 96 99
80 125 96 100
81 125 101 102
82 125 101 103
83 125 101 104
84 125 101 105
85 125 106 107
86 125 106 108
87 125 106 109
88 125 106 110
89 125 111 112
90 125 111 113
91 125 111 114
92 125 111 115
93 125 116 117
94 125 116 118
95 125 116 119
96 125 116 120
97 125 121 122
98 125 121 123
99 125 121 124
100 125 121 125
101 125 126 127
102 125 126 128
103 125 126 129
104 125 126 130
105 125 131 132
106 125 131 133
107 125 131 134
108 125 131 135
109 125 136 137
110 125 136 138
111 125 136 139
112 125 136 140
113 125 141 142
114 125 141 143
115 125 141 144
116 125 141 145
117 125 146 147
118 125 146 148
119 125 146 149
120 125 146 150
121 125 151 152
122 125 151 153
123 125 151 154
124 125 151 155
125 125 156 157
126 125 156 158
127 125 156 159
128 125 156 160
129 125 161 162
130 125 161 163
131 125 161 164
132 125 161 165
133 125 166 167
134 125 166 168
135 125 166 169
136 125 166 170
137 125 171 172
138 125 171 173
139 125 171 174
140 125 171 175
141 125 176 177
142 125 176 178
143 125 176 179
144 125 176 180
145 125 181 182
146 125 181 183
147 125 181 184
148 125 181 185
149 125 186 187
150 125 186 188
151 125 186 189
152 125 186 190
153 125 191 192
154 125 191 193
155 125 191 194
156 125 191 195
157 125 196 197
158 125 196 198
159 125 196 199
160 125 196 200
161 125 201 202
162 125 201 203
163 125 201 204
164 125 201 205
165 125 206 207
166 125 206 208
167 125 206 209
168 125 206 210
169 125 211 212
170 125 211 213
171 125 211 214
172 125 211 215
173 125 216 217
174 125 216 218
175 125 216 219
176 125 216 220
177 125 221 222
178 125 221 223
179 125 221 224
180 125 221 225
181 125 226 227
182 125 226 228
183 125 226 229
184 125 226 230
185 125 231 232
186 125 231 233
187 125 231 234
188 125 231 235
189 125 236 237
190 125 236 238
191 125 236 239
192 125 236 240
193 125 241 242
194 125 241 243
195 125 241 244
196 125 241 245
197 125 246 247
198 125 246 248
199 125 246 249
200 125 246 250
201 125 251 252
202 125 251 253
203 125 251 254
204 125 251 255
205 125 256 257
206 125 256 258
207 125 256 259
208 125 256 260
209 125 261 262
210 125 261 263
211 125 261 264
212 125 261 265
213 125 266 267
214 125 266 268
215 125 266 269
216 125 266 270
217 125 271 272
218 125 271 273
219 125 271 274
220 125 271 275
221 125 276 277
222 125 276 278
223 125 276 279
224 125 276 280
225 125 281 282
226 125 281 283
227 125 281 284
228 125 281 285
229 125 286 287
230 125 286 288
231 125 286 289
232 125 286 290
233 125 291 292
234 125 291 293
235 125 291 294
236 125 291 295
237 125 296 297
238 125 296 298
239 125 296 299
240 125 296 300
241 125 301 302
242 125 301 303
243 125 301 304
244 125 301 305
245 125 306 307
246 125 306 308
247 125 306 309
248 125 306 310
249 125 311 312
250 125 311 313
251 125 311 314
252 125 311 315
253 125 316 317
254 125 316 318
255 125 316 319
256 125 316 320
257 125 321 322
258 125 321 323
259 125 321 324
260 125 321 325
261 125 326 327
262 125 326 328
263 125 326 329
264 125 326 330
265 125 331 332
266 125 331 333
267 125 331 334
268 125 331 335
269 125 336 337
270 125 336 338
271 125 336 339
272 125 336 340
273 125 341 342
274 125 341 343
275 125 341 344
276 125 341 345
277 125 346 347
278 125 346 348
279 125 346 349
280 125 346 350
281 125 351 352
282 125 351 353
283 125 351 354
284 125 351 355
285 125 356 357
286 125 356 358
287 125 356 359
288 125 356 360
289 125 361 362
290 125 361 363
291 125 361 364
292 125 361 365
293 125 366 367
294 125 366 368
295 125 366 369
296 125 366 370
297 125 371 372
298 125 371 373
299 125 371 374
300 125 371 375
301 125 376 377
302 125 376 378
303 125 376 379
304 125 376 380
305 125 381 382
306 125 381 383
307 125 381 384
308 125 381 385
309 125 386 387
310 125 386 388
311 125 386 389
312 125 386 390
313 125 391 392
314 125 391 393
315 125 391 394
316 125 391 395
317 125 396 397
318 125 396 398
319 125 396 399
320 125 396 400
321 125 401 402
322 125 401 403
323 125 401 404
324 125 401 405
325 125 406 407
326 125 406 408
327 125 406 409
328 125 406 410
329 125 411 412
330 125 411 413
331 125 411 414
332 125 411 415
333 125 416 417
334 125 416 418
335 125 416 419
336 125 416 420
337 125 421 422
338 125 421 423
339 125 421 424
340 125 421 425
341 125 426 427
342 125 426 428
343 125 426 429
344 125 426 430
345 125 431 432
346 125 431 433
347 125 431 434
348 125 431 435
349 125 436 437
350 125 436 438
351 125 436 439
352 125 436 440
353 125 441 442
354 125 441 443
355 125 441 444
356 125 441 445
357 125 446 447
358 125 446 448
359 125 446 449
360 125 446 450
361 125 451 452
362 125 451 453
363 125 451 454
364 125 451 455
365 125 456 457
366 125 456 458
367 125 456 459
368 125 456 460
369 125 461 462
370 125 461 463
371 125 461 464
372 125 461 465
373 125 466 467
374 125 466 468
375 125 466 469
376 125 466 470
377 125 471 472
378 125 471 473
379 125 471 474
380 125 471 475
381 125 476 477
382 125 476 478
383 125 476 479
384 125 476 480
385 125 481 482
386 125 481 483
387 125 481 484
388 125 481 485
389 125 486 487
390 125 486 488
391 125 486 489
392 125 486 490
393 125 491 492
394 125 491 493
395 125 491 494
396 125 491 495
397 125 496 497
398 125 496 498
399 125 496 499
400 125 496 500
401 125 501 502
402 125 501 503
403 125 501 504
404 125 501 505
405 125 506 507
406 125 506 508
407 125 506 509
408 125 506 510
409 125 511 512
410 125 511 513
411 125 511 514
412 125 511 515
413 125 516 517
414 125 516 518
415 125 516 519
416 125 516 520
417 125 521 522
418 125 521 523
419 125 521 524
420 125 521 525
421 125 526 527
422 125 526 528
423 125 526 529
424 125 526 530
425 125 531 532
426 125 531 533
427 125 531 534
428 125 531 535
429 125 536 537
430 125 536 538
431 125 536 539
432 125 536 540
433 125 541 542
434 125 541 543
435 125 541 544
436 125 541 545
437 125 546 547
438 125 546 548
439 125 546 549
440 125 546 550
441 125 551 552
442 125 551 553
443 125 551 554
444 125 551 555
445 125 556 557
446 125 556 558
447 125 556 559
448 125 556 560
449 125 561 562
450 125 561 563
451 125 561 564
452 125 561 565
453 125 566 567
454 125 566 568
455 125 566 569
456 125 566 570
457 125 571 572
458 125 571 573
459 125 571 574
460 125 571 575
461 125 576 577
462 125 576 578
463 125 576 579
464 125 576 580
465 125 581 582
466 125 581 583
467 125 581 584
468 125 581 585
469 125 586 587
470 125 586 588
471 125 586 589
472 125 586 590
473 125 591 592
474 125 591 593
475 125 591 594
476 125 591 595
477 125 596 597
478 125 596 598
479 125 596 599
480 125 596 600
481 125 601 602
482 125 601 603
483 125 601 604
484 125 601 605
485 125 606 607
486 125 606 608
487 125 606 609
488 125 606 610
489 125 611 612
490 125 611 613
491 125 611 614
492 125 611 615
493 125 616 617
494 125 616 618
495 125 616 619
496 125 616 620
497 125 621 622
498 125 621 623
499 125 621 624
500 125 621 625
501 125 626 627
502 125 626 628
503 125 626 629
504 125 626 630
505 125 631 632
506 125 631 633
507 125 631 634
508 125 631 635
509 125 636 637
510 125 636 638
511 125 636 639
512 125 636 640
513 125 641 642
514 125 641 643
515 125 641 644
516 125 641 645
517 125 646 647
518 125 646 648
519 125 646 649
520 125 646 650
521 125 651 652
522 125 651 653
523 125 651 654
524 125 651 655
525 125 656 657
526 125 656 658
527 125 656 659
528 125 656 660
529 125 661 662
530 125 661 663
531 125 661 664
532 125 661 665
533 125 666 667
534 125 666 668
535 125 666 669
536 125 666 670
537 125 671 672
538 125 671 673
539 125 671 674
540 125 671 675
541 125 676 677
542 125 676 678
543 125 676 679
544 125 676 680
545 125 681 682
546 125 681 683
547 125 681 684
548 125 681 685
549 125 686 687
550 125 686 688
551 125 686 689
552 125 686 690
553 125 691 692
554 125 691 693
555 125 691 694
556 125 691 695
557 125 696 697
558 125 696 698
559 125 696 699
560 125 696 700
561 125 701 702
562 125 701 703
563 125 701 704
564 125 701 705
565 125 706 707
566 125 706 708
567 125 706 709
568 125 706 710
569 125 711 712
570 125 711 713
571 125 711 714
572 125 711 715
573 125 716 717
574 125 716 718
575 125 716 719
576 125 716 720
577 125 721 722
578 125 721 723
579 125 721 724
580 125 721 725
581 125 726 727
582 125 726 728
583 125 726 729
584 125 726 730
585 125 731 732
586 125 731 733
587 125 731 734
588 125 731 735
589 125 736 737
590 125 736 738
591 125 736 739
592 125 736 740
593 125 741 742
594 125 741 743
595 125 741 744
596 125 741 745
597 125 746 747
598 125 746 748
599 125 746 749
600 125 746 750
601 125 751 752
602 125 751 753
603 125 751 754
604 125 751 755
605 125 756 757
606 125 756 758
607 125 756 759
608 125 756 760
609 125 761 762
610 125 761 763
611 125 761 764
612 125 761 765
613 125 766 767
614 125 766 768
615 125 766 769
616 125 766 770
617 125 771 772
618 125 771 773
619 125 771 774
620 125 771 775
621 125 776 777
622 125 776 778
623 125 776 779
624 125 776 780
625 125 781 782
626 125 781 783
627 125 781 784
628 125 781 785
629 125 786 787
630 125 786 788
631 125 786 789
632 125 786 790
633 125 791 792
634 125 791 793
635 125 791 794
636 125 791 795
637 125 796 797
638 125 796 798
639 125 796 799
640 125 796 800
641 125 801 802
642 125 801 803
643 125 801 804
644 125 801 805
645 125 806 807
646 125 806 808
647 125 806 809
648 125 806 810
649 125 811 812
650 125 811 813
651 125 811 814
652 125 811 815
653 125 816 817
654 125 816 818
655 125 816 819
656 125 816 820
657 125 821 822
658 125 821 823
659 125 821 824
660 125 821 825
661 125 826 827
662 125 826 828
663 125 826 829
664 125 826 830
665 125 831 832
666 125 831 833
667 125 831 834
668 125 831 835
669 125 836 837
670 125 836 838
671 125 836 839
672 125 836 840
673 125 841 842
674 125 841 843
675 125 841 844
676 125 841 845
677 125 846 847
678 125 846 848
679 125 846 849
680 125 846 850
681 125 851 852
682 125 851 853
683 125 851 854
684 125 851 855
685 125 856 857
686 125 856 858
687 125 856 859
688 125 856 860
689 125 861 862
690 125 861 863
691 125 861 864
692 125 861 865
693 125 866 867
694 125 866 868
695 125 866 869
696 125 866 870
697 125 871 872
698 125 871 873
699 125 871 874
700 125 871 875
701 125 876 877
702 125 876 878
703 125 876 879
704 125 876 880
705 125 881 882
706 125 881 883
707 125 881 884
708 125 881 885
709 125 886 887
710 125 886 888
711 125 886 889
712 125 886 890
713 125 891 892
714 125 891 893
715 125 891 894
716 125 891 895
717 125 896 897
718 125 896 898
719 125 896 899
720 125 896 900
721 125 901 902
722 125 901 903
723 125 901 904
724 125 901 905
725 125 906 907
726 125 906 908
727 125 906 909
728 125 906 910
729 125 911 912
730 125 911 913
731 125 911 914
732 125 911 915
733 125 916 917
734 125 916 918
735 125 916 919
736 125 916 920
737 125 921 922
738 125 921 923
739 125 921 924
740 125 921 925
741 125 926 927
742 125 926 928
743 125 926 929
744 125 926 930
745 125 931 932
746 125 931 933
747 125 931 934
748 125 931 935
749 125 936 937
750 125 936 938
751 125 936 939
752 125 936 940
753 125 941 942
754 125 941 943
755 125 941 944
756 125 941 945
757 125 946 947
758 125 946 948
759 125 946 949
760 125 946 950
761 125 951 952
762 125 951 953
763 125 951 954
764 125 951 955
765 125 956 957
766 125 956 958
767 125 956 959
768 125 956 960
769 125 961 962
770 125 961 963
771 125 961 964
772 125 961 965
773 125 966 967
774 125 966 968
775 125 966 969
776 125 966 970
777 125 971 972
778 125 971 973
779 125 971 974
780 125 971 975
781 125 976 977
782 125 976 978
783 125 976 979
784 125 976 980
785 125 981 982
786 125 981 983
787 125 981 984
788 125 981 985
789 125 986 987
790 125 986 988
791 125 986 989
792 125 986 990
793 125 991 992
794 125 991 993
795 125 991 994
796 125 991 995
797 125 996 997
798 125 996 998
799 125 996 999
800 125 996 1000
801 125 1001 1002
802 125 1001 1003
803 125 1001 1004
804 125 1001 1005
805 125 1006 1007
806 125 1006 1008
807 125 1006 1009
808 125 1006 1010
809 125 1011 1012
810 125 1011 1013
811 125 1011 1014
812 125 1011 1015
813 125 1016 1017
814 125 1016 1018
815 125 1016 1019
816 125 1016 1020
817 125 1021 1022
818 125 1021 1023
819 125 1021 1024
820 125 1021 1025
821 125 1026 1027
822 125 1026 1028
823 125 1026 1029
824 125 1026 1030
825 125 1031 1032
826 125 1031 1033
827 125 1031 1034
828 125 1031 1035
829 125 1036 1037
830 125 1036 1038
831 125 1036 1039
832 125 1036 1040
833 125 1041 1042
834 125 1041 1043
835 125 1041 1044
836 125 1041 1045
837 125 1046 1047
838 125 1046 1048
839 125 1046 1049
840 125 1046 1050
841 125 1051 1052
842 125 1051 1053
843 125 1051 1054
844 125 1051 1055
845 125 1056 1057
846 125 1056 1058
847 125 1056 1059
848 125 1056 1060
849 125 1061 1062
850 125 1061 1063
851 125 1061 1064
852 125 1061 1065
853 125 1066 1067
854 125 1066 1068
855 125 1066 1069
856 125 1066 1070
857 125 1071 1072
858 125 1071 1073
859 125 1071 1074
860 125 1071 1075
861 125 1076 1077
862 125 1076 1078
863 125 1076 1079
864 125 1076 1080
865 125 1081 1082
866 125 1081 1083
867 125 1081 1084
868 125 1081 1085
869 125 1086 1087
870 125 1086 1088
871 125 1086 1089
872 125 1086 1090
873 125 1091 1092
874 125 1091 1093
875 125 1091 1094
876 125 1091 1095
877 125 1096 1097
878 125 1096 1098
879 125 1096 1099
880 125 1096 1100
881 125 1101 1102
882 125 1101 1103
883 125 1101 1104
884 125 1101 1105
885 125 1106 1107
886 125 1106 1108
887 125 1106 1109
888 125 1106 1110
889 125 1111 1112
890 125 1111 1113
891 125 1111 1114
892 125 1111 1115
893 125 1116 1117
894 125 1116 1118
895 125 1116 1119
896 125 1116 1120
897 125 1121 1122
898 125 1121 1123
899 125 1121 1124
900 125 1121 1125
901 125 1126 1127
902 125 1126 1128
903 125 1126 1129
904 125 1126 1130
905 125 1131 1132
906 125 1131 1133
907 125 1131 1134
908 125 1131 1135
909 125 1136 1137
910 125 1136 1138
911 125 1136 1139
912 125 1136 1140
913 125 1141 1142
914 125 1141 1143
915 125 1141 1144
916 125 1141 1145
917 125 1146 1147
918 125 1146 1148
919 125 1146 1149
920 125 1146 1150
921 125 1151 1152
922 125 1151 1153
923 125 1151 1154
924 125 1151 1155
925 125 1156 1157
926 125 1156 1158
927 125 1156 1159
928 125 1156 1160
929 125 1161 1162
930 125 1161 1163
931 125 1161 1164
932 125 1161 1165
933 125 1166 1167
934 125 1166 1168
935 125 1166 1169
936 125 1166 1170
937 125 1171 1172
938 125 1171 1173
939 125 1171 1174
940 125 1171 1175
941 125 1176 1177
942 125 1176 1178
943 125 1176 1179
944 125 1176 1180
945 125 1181 1182
946 125 1181 1183
947 125 1181 1184
948 125 1181 1185
949 125 1186 1187
950 125 1186 1188
951 125 1186 1189
952 125 1186 1190
953 125 1191 1192
954 125 1191 1193
955 125 1191 1194
956 125 1191 1195
957 125 1196 1197
958 125 1196 1198
959 125 1196 1199
960 125 1196 1200
961 125 1201 1202
962 125 1201 1203
963 125 1201 1204
964 125 1201 1205
965 125 1206 1207
966 125 1206 1208
967 125 1206 1209
968 125 1206 1210
969 125 1211 1212
970 125 1211 1213
971 125 1211 1214
972 125 1211 1215
973 125 1216 1217
974 125 1216 1218
975 125 1216 1219
976 125 1216 1220
977 125 1221 1222
978 125 1221 1223
979 125 1221 1224
980 125 1221 1225
981 125 1226 1227
982 125 1226 1228
983 125 1226 1229
984 125 1226 1230
985 125 1231 1232
986 125 1231 1233
987 125 1231 1234
988 125 1231 1235
989 125 1236 1237
990 125 1236 1238
991 125 1236 1239
992 125 1236 1240
993 125 1241 1242
994 125 1241 1243
995 125 1241 1244
996 125 1241 1245
997 125 1246 1247
998 125 1246 1248
999 125 1246 1249
1000 125 1246 1250
1001 125 1251 1252
1002 125 1251 1253
1003 125 1251 1254
1004 125 1251 1255
1005 125 1256 1257
1006 125 1256 1258
1007 125 1256 1259
1008 125 1256 1260
1009 125 1261 1262
1010 125 1261 1263
1011 125 1261 1264
1012 125 1261 1265
1013 125 1266 1267
1014 125 1266 1268
1015 125 1266 1269
1016 125 1266 1270
1017 125 1271 1272
1018 125 1271 1273
1019 125 1271 1274
1020 125 1271 1275
1021 125 1276 1277
1022 125 1276 1278
1023 125 1276 1279
1024 125 1276 1280
1025 125 1281 1282
1026 125 1281 1283
1027 125 1281 1284
1028 125 1281 1285
1029 125 1286 1287
1030 125 1286 1288
1031 125 1286 1289
1032 125 1286 1290
1033 125 1291 1292
1034 125 1291 1293
1035 125 1291 1294
1036 125 1291 1295
1037 125 1296 1297
1038 125 1296 1298
1039 125 1296 1299
1040 125 1296 1300
1041 125 1301 1302
1042 125 1301 1303
1043 125 1301 1304
1044 125 1301 1305
1045 125 1306 1307
1046 125 1306 1308
1047 125 1306 1309
1048 125 1306 1310
1049 125 1311 1312
1050 125 1311 1313
1051 125 1311 1314
1052 125 1311 1315
1053 125 1316 1317
1054 125 1316 1318
1055 125 1316 1319
1056 125 1316 1320
1057 125 1321 1322
1058 125 1321 1323
1059 125 1321 1324
1060 125 1321 1325
1061 125 1326 1327
1062 125 1326 1328
1063 125 1326 1329
1064 125 1326 1330
1065 125 1331 1332
1066 125 1331 1333
1067 125 1331 1334
1068 125 1331 1335
1069 125 1336 1337
1070 125 1336 1338
1071 125 1336 1339
1072 125 1336 1340
1073 125 1341 1342
1074 125 1341 1343
1075 125 1341 1344
1076 125 1341 1345
1077 125 1346 1347
1078 125 1346 1348
1079 125 1346 1349
1080 125 1346 1350
1081 125 1351 1352
1082 125 1351 1353
1083 125 1351 1354
1084 125 1351 1355
1085 125 1356 1357
1086 125 1356 1358
1087 125 1356 1359
1088 125 1356 1360
1089 125 1361 1362
1090 125 1361 1363
1091 125 1361 1364
1092 125 1361 1365
1093 125 1366 1367
1094 125 1366 1368
1095 125 1366 1369
1096 125 1366 1370
1097 125 1371 1372
1098 125 1371 1373
1099 125 1371 1374
1100 125 1371 1375
1101 125 1376 1377
1102 125 1376 1378
1103 125 1376 1379
1104 125 1376 1380
1105 125 1381 1382
1106 125 1381 1383
1107 125 1381 1384
1108 125 1381 1385
1109 125 1386 1387
1110 125 1386 1388
1111 125 1386 1389
1112 125 1386 1390
1113 125 1391 1392
1114 125 1391 1393
1115 125 1391 1394
1116 125 1391 1395
1117 125 1396 1397
1118 125 1396 1398
1119 125 1396 1399
1120 125 1396 1400
1121 125 1401 1402
1122 125 1401 1403
1123 125 1401 1404
1124 125 1401 1405
1125 125 1406 1407
1126 125 1406 1408
1127 125 1406 1409
1128 125 1406 1410
1129 125 1411 1412
1130 125 1411 1413
1131 125 1411 1414
1132 125 1411 1415
1133 125 1416 1417
1134 125 1416 1418
1135 125 1416 1419
1136 125 1416 1420
1137 125 1421 1422
1138 125 1421 1423
1139 125 1421 1424
1140 125 1421 1425
1141 125 1426 1427
1142 125 1426 1428
1143 125 1426 1429
1144 125 1426 1430
1145 125 1431 1432
1146 125 1431 1433
1147 125 1431 1434
1148 125 1431 1435
1149 125 1436 1437
1150 125 1436 1438
1151 125 1436 1439
1152 125 1436 1440
1153 125 1441 1442
1154 125 1441 1443
1155 125 1441 1444
1156 125 1441 1445
1157 125 1446 1447
1158 125 1446 1448
1159 125 1446 1449
1160 125 1446 1450
1161 125 1451 1452
1162 125 1451 1453
1163 125 1451 1454
1164 125 1451 1455
1165 125 1456 1457
1166 125 1456 1458
1167 125 1456 1459
1168 125 1456 1460
1169 125 1461 1462
1170 125 1461 1463
1171 125 1461 1464
1172 125 1461 1465
1173 125 1466 1467
1174 125 1466 1468
1175 125 1466 1469
1176 125 1466 1470
1177 125 1471 1472
1178 125 1471 1473
1179 125 1471 1474
1180 125 1471 1475
1181 125 1476 1477
1182 125 1476 1478
1183 125 1476 1479
1184 125 1476 1480
1185 125 1481 1482
1186 125 1481 1483
1187 125 1481 1484
1188 125 1481 1485
1189 125 1486 1487
1190 125 1486 1488
1191 125 1486 1489
1192 125 1486 1490
1193 125 1491 1492
1194 125 1491 1493
1195 125 1491 1494
1196 125 1491 1495
1197 125 1496 1497
1198 125 1496 1498
1199 125 1496 1499
1200 125 1496 1500
1201 125 1501 1502
1202 125 1501 1503
1203 125 1501 1504
1204 125 1501 1505
1205 125 1506 1507
1206 125 1506 1508
1207 125 1506 1509
1208 125 1506 1510
1209 125 1511 1512
1210 125 1511 1513
1211 125 1511 1514
1212 125 1511 1515
1213 125 1516 1517
1214 125 1516 1518
1215 125 1516 1519
1216 125 1516 1520
1217 125 1521 1522
1218 125 1521 1523
1219 125 1521 1524
1220 125 1521 1525
1221 125 1526 1527
1222 125 1526 1528
1223 125 1526 1529
1224 125 1526 1530
1225 125 1531 1532
1226 125 1531 1533
1227 125 1531 1534
1228 125 1531 1535
1229 125 1536 1537
1230 125 1536 1538
1231 125 1536 1539
1232 125 1536 1540
1233 125 1541 1542
1234 125 1541 1543
1235 125 1541 1544
1236 125 1541 1545
1237 125 1546 1547
1238 125 1546 1548
1239 125 1546 1549
1240 125 1546 1550
1241 125 1551 1552
1242 125 1551 1553
1243 125 1551 1554
1244 125 1551 1555
1245 125 1556 1557
1246 125 1556 1558
1247 125 1556 1559
1248 125 1556 1560
1249 125 1561 1562
1250 125 1561 1563
1251 125 1561 1564
1252 125 1561 1565
1253 125 1566 1567
1254 125 1566 1568
1255 125 1566 1569
1256 125 1566 1570
1257 125 1571 1572
1258 125 1571 1573
1259 125 1571 1574
1260 125 1571 1575
1261 125 1576 1577
1262 125 1576 1578
1263 125 1576 1579
1264 125 1576 1580
1265 125 1581 1582
1266 125 1581 1583
1267 125 1581 1584
1268 125 1581 1585
1269 125 1586 1587
1270 125 1586 1588
1271 125 1586 1589
1272 125 1586 1590
1273 125 1591 1592
1274 125 1591 1593
1275 125 1591 1594
1276 125 1591 1595
1277 125 1596 1597
1278 125 1596 1598
1279 125 1596 1599
1280 125 1596 1600
1281 125 1601 1602
1282 125 1601 1603
1283 125 1601 1604
1284 125 1601 1605
1285 125 1606 1607
1286 125 1606 1608
1287 125 1606 1609
1288 125 1606 1610
1289 125 1611 1612
1290 125 1611 1613
1291 125 1611 1614
1292 125 1611 1615
1293 125 1616 1617
1294 125 1616 1618
1295 125 1616 1619
1296 125 1616 1620
1297 125 1621 1622
1298 125 1621 1623
1299 125 1621 1624
1300 125 1621 1625
1301 125 1626 1627
1302 125 1626 1628
1303 125 1626 1629
1304 125 1626 1630
1305 125 1631 1632
1306 125 1631 1633
1307 125 1631 1634
1308 125 1631 1635
1309 125 1636 1637
1310 125 1636 1638
1311 125 1636 1639
1312 125 1636 1640
1313 125 1641 1642
1314 125 1641 1643
1315 125 1641 1644
1316 125 1641 1645
1317 125 1646 1647
1318 125 1646 1648
1319 125 1646 1649
1320 125 1646 1650
1321 125 1651 1652
1322 125 1651 1653
1323 125 1651 1654
1324 125 1651 1655
1325 125 1656 1657
1326 125 1656 1658
1327 125 1656 1659
1328 125 1656 1660
1329 125 1661 1662
1330 125 1661 1663
1331 125 1661 1664
1332 125 1661 1665
1333 125 1666 1667
1334 125 1666 1668
1335 125 1666 1669
1336 125 1666 1670
1337 125 1671 1672
1338 125 1671 1673
1339 125 1671 1674
1340 125 1671 1675
1341 125 1676 1677
1342 125 1676 1678
1343 125 1676 1679
1344 125 1676 1680
1345 125 1681 1682
1346 125 1681 1683
1347 125 1681 1684
1348 125 1681 1685
1349 125 1686 1687
1350 125 1686 1688
1351 125 1686 1689
1352 125 1686 1690
1353 125 1691 1692
1354 125 1691 1693
1355 125 1691 1694
1356 125 1691 1695
1357 125 1696 1697
1358 125 1696 1698
1359 125 1696 1699
1360 125 1696 1700
1361 125 1701 1702
1362 125 1701 1703
1363 125 1701 1704
1364 125 1701 1705
1365 125 1706 1707
1366 125 1706 1708
1367 125 1706 1709
1368 125 1706 1710
1369 125 1711 1712
1370 125 1711 1713
1371 125 1711 1714
1372 125 1711 1715
1373 125 1716 1717
1374 125 1716 1718
1375 125 1716 1719
1376 125 1716 1720
1377 125 1721 1722
1378 125 1721 1723
1379 125 1721 1724
1380 125 1721 1725
1381 125 1726 1727
1382 125 1726 1728
1383 125 1726 1729
1384 125 1726 1730
1385 125 1731 1732
1386 125 1731 1733
1387 125 1731 1734
1388 125 1731 1735
1389 125 1736 1737
1390 125 1736 1738
1391 125 1736 1739
1392 125 1736 1740
1393 125 1741 1742
1394 125 1741 1743
1395 125 1741 1744
1396 125 1741 1745
1397 125 1746 1747
1398 125 1746 1748
1399 125 1746 1749
1400 125 1746 1750
1401 125 1751 1752
1402 125 1751 1753
1403 125 1751 1754
1404 125 1751 1755
1405 125 1756 1757
1406 125 1756 1758
1407 125 1756 1759
1408 125 1756 1760
1409 125 1761 1762
1410 125 1761 1763
1411 125 1761 1764
1412 125 1761 1765
1413 125 1766 1767
1414 125 1766 1768
1415 125 1766 1769
1416 125 1766 1770
1417 125 1771 1772
1418 125 1771 1773
1419 125 1771 1774
1420 125 1771 1775
1421 125 1776 1777
1422 125 1776 1778
1423 125 1776 1779
1424 125 1776 1780
1425 125 1781 1782
1426 125 1781 1783
1427 125 1781 1784
1428 125 1781 1785
1429 125 1786 1787
1430 125 1786 1788
1431 125 1786 1789
1432 125 1786 1790
1433 125 1791 1792
1434 125 1791 1793
1435 125 1791 1794
1436 125 1791 1795
1437 125 1796 1797
1438 125 1796 1798
1439 125 1796 1799
1440 125 1796 1800
1441 125 1801 1802
1442 125 1801 1803
1443 125 1801 1804
1444 125 1801 1805
1445 125 1806 1807
1446 125 1806 1808
1447 125 1806 1809
1448 125 1806 1810
1449 125 1811 1812
1450 125 1811 1813
1451 125 1811 1814
1452 125 1811 1815
1453 125 1816 1817
1454 125 1816 1818
1455 125 1816 1819
1456 125 1816 1820
1457 125 1821 1822
1458 125 1821 1823
1459 125 1821 1824
1460 125 1821 1825
1461 125 1826 1827
1462 125 1826 1828
1463 125 1826 1829
1464 125 1826 1830
1465 125 1831 1832
1466 125 1831 1833
1467 125 1831 1834
1468 125 1831 1835
1469 125 1836 1837
1470 125 1836 1838
1471 125 1836 1839
1472 125 1836 1840
1473 125 1841 1842
1474 125 1841 1843
1475 125 1841 1844
1476 125 1841 1845
1477 125 1846 1847
1478 125 1846 1848
1479 125 1846 1849
1480 125 1846 1850
1481 125 1851 1852
1482 125 1851 1853
1483 125 1851 1854
1484 125 1851 1855
1485 125 1856 1857
1486 125 1856 1858
1487 125 1856 1859
1488 125 1856 1860
1489 125 1861 1862
1490 125 1861 1863
1491 125 1861 1864
1492 125 1861 1865
1493 125 1866 1867
1494 125 1866 1868
1495 125 1866 1869
1496 125 1866 1870
1497 125 1871 1872
1498 125 1871 1873
1499 125 1871 1874
1500 125 1871 1875
1501 125 1876 1877
1502 125 1876 1878
1503 125 1876 1879
1504 125 1876 1880
1505 125 1881 1882
1506 125 1881 1883
1507 125 1881 1884
1508 125 1881 1885
1509 125 1886 1887
1510 125 1886 1888
1511 125 1886 1889
1512 125 1886 1890
1513 125 1891 1892
1514 125 1891 1893
1515 125 1891 1894
1516 125 1891 1895
1517 125 1896 1897
1518 125 1896 1898
1519 125 1896 1899
1520 125 1896 1900
1521 125 1901 1902
1522 125 1901 1903
1523 125 1901 1904
1524 125 1901 1905
1525 125 1906 1907
1526 125 1906 1908
1527 125 1906 1909
1528 125 1906 1910
1529 125 1911 1912
1530 125 1911 1913
1531 125 1911 1914
1532 125 1911 1915
1533 125 1916 1917
1534 125 1916 1918
1535 125 1916 1919
1536 125 1916 1920
1537 125 1921 1922
1538 125 1921 1923
1539 125 1921 1924
1540 125 1921 1925
1541 125 1926 1927
1542 125 1926 1928
1543 125 1926 1929
1544 125 1926 1930
1545 125 1931 1932
1546 125 1931 1933
1547 125 1931 1934
1548 125 1931 1935
1549 125 1936 1937
1550 125 1936 1938
1551 125 1936 1939
1552 125 1936 1940
1553 125 1941 1942
1554 125 1941 1943
1555 125 1941 1944
1556 125 1941 1945
1557 125 1946 1947
1558 125 1946 1948
1559 125 1946 1949
1560 125 1946 1950
1561 125 1951 1952
1562 125 1951 1953
1563 125 1951 1954
1564 125 1951 1955
1565 125 1956 1957
1566 125 1956 1958
1567 125 1956 1959
1568 125 1956 1960
1569 125 1961 1962
1570 125 1961 1963
1571 125 1961 1964
1572 125 1961 1965
1573 125 1966 1967
1574 125 1966 1968
1575 125 1966 1969
1576 125 1966 1970
1577 125 1971 1972
1578 125 1971 1973
1579 125 1971 1974
1580 125 1971 1975
1581 125 1976 1977
1582 125 1976 1978
1583 125 1976 1979
1584 125 1976 1980
1585 125 1981 1982
1586 125 1981 1983
1587 125 1981 1984
1588 125 1981 1985
1589 125 1986 1987
1590 125 1986 1988
1591 125 1986 1989
1592 125 1986 1990
1593 125 1991 1992
1594 125 1991 1993
1595 125 1991 1994
1596 125 1991 1995
1597 125 1996 1997
1598 125 1996 1998
1599 125 1996 1999
1600 125 1996 2000
1601 125 2001 2002
1602 125 2001 2003
1603 125 2001 2004
1604 125 2001 2005
1605 125 2006 2007
1606 125 2006 2008
1607 125 2006 2009
1608 125 2006 2010
1609 125 2011 2012
1610 125 2011 2013
1611 125 2011 2014
1612 125 2011 2015
1613 125 2016 2017
1614 125 2016 2018
1615 125 2016 2019
1616 125 2016 2020
1617 125 2021 2022
1618 125 2021 2023
1619 125 2021 2024
1620 125 2021 2025
1621 125 2026 2027
1622 125 2026 2028
1623 125 2026 2029
1624 125 2026 2030
1625 125 2031 2032
1626 125 2031 2033
1627 125 2031 2034
1628 125 2031 2035
1629 125 2036 2037
1630 125 2036 2038
1631 125 2036 2039
1632 125 2036 2040
1633 125 2041 2042
1634 125 2041 2043
1635 125 2041 2044
1636 125 2041 2045
1637 125 2046 2047
1638 125 2046 2048
1639 125 2046 2049
1640 125 2046 2050
1641 125 2051 2052
1642 125 2051 2053
1643 125 2051 2054
1644 125 2051 2055
1645 125 2056 2057
1646 125 2056 2058
1647 125 2056 2059
1648 125 2056 2060
1649 125 2061 2062
1650 125 2061 2063
1651 125 2061 2064
1652 125 2061 2065
1653 125 2066 2067
1654 125 2066 2068
1655 125 2066 2069
1656 125 2066 2070
1657 125 2071 2072
1658 125 2071 2073
1659 125 2071 2074
1660 125 2071 2075
1661 125 2076 2077
1662 125 2076 2078
1663 125 2076 2079
1664 125 2076 2080
1665 125 2081 2082
1666 125 2081 2083
1667 125 2081 2084
1668 125 2081 2085
1669 125 2086 2087
1670 125 2086 2088
1671 125 2086 2089
1672 125 2086 2090
1673 125 2091 2092
1674 125 2091 2093
1675 125 2091 2094
1676 125 2091 2095
1677 125 2096 2097
1678 125 2096 2098
1679 125 2096 2099
1680 125 2096 2100
1681 125 2101 2102
1682 125 2101 2103
1683 125 2101 2104
1684 125 2101 2105
1685 125 2106 2107
1686 125 2106 2108
1687 125 2106 2109
1688 125 2106 2110
1689 125 2111 2112
1690 125 2111 2113
1691 125 2111 2114
1692 125 2111 2115
1693 125 2116 2117
1694 125 2116 2118
1695 125 2116 2119
1696 125 2116 2120
1697 125 2121 2122
1698 125 2121 2123
1699 125 2121 2124
1700 125 2121 2125
1701 125 2126 2127
1702 125 2126 2128
1703 125 2126 2129
1704 125 2126 2130
1705 125 2131 2132
1706 125 2131 2133
1707 125 2131 2134
1708 125 2131 2135
1709 125 2136 2137
1710 125 2136 2138
1711 125 2136 2139
1712 125 2136 2140
1713 125 2141 2142
1714 125 2141 2143
1715 125 2141 2144
1716 125 2141 2145
1717 125 2146 2147
1718 125 2146 2148
1719 125 2146 2149
1720 125 2146 2150
1721 125 2151 2152
1722 125 2151 2153
1723 125 2151 2154
1724 125 2151 2155
1725 125 2156 2157
1726 125 2156 2158
1727 125 2156 2159
1728 125 2156 2160
1729 125 2161 2162
1730 125 2161 2163
1731 125 2161 2164
1732 125 2161 2165
1733 125 2166 2167
1734 125 2166 2168
1735 125 2166 2169
1736 125 2166 2170
1737 125 2171 2172
1738 125 2171 2173
1739 125 2171 2174
1740 125 2171 2175
1741 125 2176 2177
1742 125 2176 2178
1743 125 2176 2179
1744 125 2176 2180
1745 125 2181 2182
1746 125 2181 2183
1747 125 2181 2184
1748 125 2181 2185
1749 125 2186 2187
1750 125 2186 2188
1751 125 2186 2189
1752 125 2186 2190
1753 125 2191 2192
1754 125 2191 2193
1755 125 2191 2194
1756 125 2191 2195
1757 125 2196 2197
1758 125 2196 2198
1759 125 2196 2199
1760 125 2196 2200
1761 125 2201 2202
1762 125 2201 2203
1763 125 2201 2204
1764 125 2201 2205
1765 125 2206 2207
1766 125 2206 2208
1767 125 2206 2209
1768 125 2206 2210
1769 125 2211 2212
1770 125 2211 2213
1771 125 2211 2214
1772 125 2211 2215
1773 125 2216 2217
1774 125 2216 2218
1775 125 2216 2219
1776 125 2216 2220
1777 125 2221 2222
1778 125 2221 2223
1779 125 2221 2224
1780 125 2221 2225
1781 125 2226 2227
1782 125 2226 2228
1783 125 2226 2229
1784 125 2226 2230
1785 125 2231 2232
1786 125 2231 2233
1787 125 2231 2234
1788 125 2231 2235
1789 125 2236 2237
1790 125 2236 2238
1791 125 2236 2239
1792 125 2236 2240
1793 125 2241 2242
1794 125 2241 2243
1795 125 2241 2244
1796 125 2241 2245
1797 125 2246 2247
1798 125 2246 2248
1799 125 2246 2249
1800 125 2246 2250
1801 125 2251 2252
1802 125 2251 2253
1803 125 2251 2254
1804 125 2251 2255
1805 125 2256 2257
1806 125 2256 2258
1807 125 2256 2259
1808 125 2256 2260
1809 125 2261 2262
1810 125 2261 2263
1811 125 2261 2264
1812 125 2261 2265
1813 125 2266 2267
1814 125 2266 2268
1815 125 2266 2269
1816 125 2266 2270
1817 125 2271 2272
1818 125 2271 2273
1819 125 2271 2274
1820 125 2271 2275
1821 125 2276 2277
1822 125 2276 2278
1823 125 2276 2279
1824 125 2276 2280
1825 125 2281 2282
1826 125 2281 2283
1827 125 2281 2284
1828 125 2281 2285
1829 125 2286 2287
1830 125 2286 2288
1831 125 2286 2289
1832 125 2286 2290
1833 125 2291 2292
1834 125 2291 2293
1835 125 2291 2294
1836 125 2291 2295
1837 125 2296 2297
1838 125 2296 2298
1839 125 2296 2299
1840 125 2296 2300
1841 125 2301 2302
1842 125 2301 2303
1843 125 2301 2304
1844 125 2301 2305
1845 125 2306 2307
1846 125 2306 2308
1847 125 2306 2309
1848 125 2306 2310
1849 125 2311 2312
1850 125 2311 2313
1851 125 2311 2314
1852 125 2311 2315
1853 125 2316 2317
1854 125 2316 2318
1855 125 2316 2319
1856 125 2316 2320
1857 125 2321 2322
1858 125 2321 2323
1859 125 2321 2324
1860 125 2321 2325
1861 125 2326 2327
1862 125 2326 2328
1863 125 2326 2329
1864 125 2326 2330
1865 125 2331 2332
1866 125 2331 2333
1867 125 2331 2334
1868 125 2331 2335
1869 125 2336 2337
1870 125 2336 2338
1871 125 2336 2339
1872 125 2336 2340
1873 125 2341 2342
1874 125 2341 2343
1875 125 2341 2344
1876 125 2341 2345
1877 125 2346 2347
1878 125 2346 2348
1879 125 2346 2349
1880 125 2346 2350
1881 125 2351 2352
1882 125 2351 2353
1883 125 2351 2354
1884 125 2351 2355
1885 125 2356 2357
1886 125 2356 2358
1887 125 2356 2359
1888 125 2356 2360
1889 125 2361 2362
1890 125 2361 2363
1891 125 2361 2364
1892 125 2361 2365
1893 125 2366 2367
1894 125 2366 2368
1895 125 2366 2369
1896 125 2366 2370
1897 125 2371 2372
1898 125 2371 2373
1899 125 2371 2374
1900 125 2371 2375
1901 125 2376 2377
1902 125 2376 2378
1903 125 2376 2379
1904 125 2376 2380
1905 125 2381 2382
1906 125 2381 2383
1907 125 2381 2384
1908 125 2381 2385
1909 125 2386 2387
1910 125 2386 2388
1911 125 2386 2389
1912 125 2386 2390
1913 125 2391 2392
1914 125 2391 2393
1915 125 2391 2394
1916 125 2391 2395
1917 125 2396 2397
1918 125 2396 2398
1919 125 2396 2399
1920 125 2396 2400
1921 125 2401 2402
1922 125 2401 2403
1923 125 2401 2404
1924 125 2401 2405
1925 125 2406 2407
1926 125 2406 2408
1927 125 2406 2409
1928 125 2406 2410
1929 125 2411 2412
1930 125 2411 2413
1931 125 2411 2414
1932 125 2411 2415
1933 125 2416 2417
1934 125 2416 2418
1935 125 2416 2419
1936 125 2416 2420
1937 125 2421 2422
1938 125 2421 2423
1939 125 2421 2424
1940 125 2421 2425
1941 125 2426 2427
1942 125 2426 2428
1943 125 2426 2429
1944 125 2426 2430
1945 125 2431 2432
1946 125 2431 2433
1947 125 2431 2434
1948 125 2431 2435
1949 125 2436 2437
1950 125 2436 2438
1951 125 2436 2439
1952 125 2436 2440
1953 125 2441 2442
1954 125 2441 2443
1955 125 2441 2444
1956 125 2441 2445
1957 125 2446 2447
1958 125 2446 2448
1959 125 2446 2449
1960 125 2446 2450
1961 125 2451 2452
1962 125 2451 2453
1963 125 2451 2454
1964 125 2451 2455
1965 125 2456 2457
1966 125 2456 2458
1967 125 2456 2459
1968 125 2456 2460
1969 125 2461 2462
1970 125 2461 2463
1971 125 2461 2464
1972 125 2461 2465
1973 125 2466 2467
1974 125 2466 2468
1975 125 2466 2469
1976 125 2466 2470
1977 125 2471 2472
1978 125 2471 2473
1979 125 2471 2474
1980 125 2471 2475
1981 125 2476 2477
1982 125 2476 2478
1983 125 2476 2479
1984 125 2476 2480
1985 125 2481 2482
1986 125 2481 2483
1987 125 2481 2484
1988 125 2481 2485
1989 125 2486 2487
1990 125 2486 2488
1991 125 2486 2489
1992 125 2486 2490
1993 125 2491 2492
1994 125 2491 2493
1995 125 2491 2494
1996 125 2491 2495
1997 125 2496 2497
1998 125 2496 2498
1999 125 2496 2499
2000 125 2496 2500
2001 125 2501 2502
2002 125 2501 2503
2003 125 2501 2504
2004 125 2501 2505
2005 125 2506 2507
2006 125 2506 2508
2007 125 2506 2509
2008 125 2506 2510
2009 125 2511 2512
2010 125 2511 2513
2011 125 2511 2514
2012 125 2511 2515
2013 125 2516 2517
2014 125 2516 2518
2015 125 2516 2519
2016 125 2516 2520
2017 125 2521 2522
2018 125 2521 2523
2019 125 2521 2524
2020 125 2521 2525
2021 125 2526 2527
2022 125 2526 2528
2023 125 2526 2529
2024 125 2526 2530
2025 125 2531 2532
2026 125 2531 2533
2027 125 2531 2534
2028 125 2531 2535
2029 125 2536 2537
2030 125 2536 2538
2031 125 2536 2539
2032 125 2536 2540
2033 125 2541 2542
2034 125 2541 2543
2035 125 2541 2544
2036 125 2541 2545
2037 125 2546 2547
2038 125 2546 2548
2039 125 2546 2549
2040 125 2546 2550
2041 125 2551 2552
2042 125 2551 2553
2043 125 2551 2554
2044 125 2551 2555
2045 125 2556 2557
2046 125 2556 2558
2047 125 2556 2559
2048 125 2556 2560
2049 125 2561 2562
2050 125 2561 2563
2051 125 2561 2564
2052 125 2561 2565
2053 125 2566 2567
2054 125 2566 2568
2055 125 2566 2569
2056 125 2566 2570
2057 125 2571 2572
2058 125 2571 2573
2059 125 2571 2574
2060 125 2571 2575
2061 125 2576 2577
2062 125 2576 2578
2063 125 2576 2579
2064 125 2576 2580
2065 125 2581 2582
2066 125 2581 2583
2067 125 2581 2584
2068 125 2581 2585
2069 125 2586 2587
2070 125 2586 2588
2071 125 2586 2589
2072 125 2586 2590
2073 125 2591 2592
2074 125 2591 2593
2075 125 2591 2594
2076 125 2591 2595
2077 125 2596 2597
2078 125 2596 2598
2079 125 2596 2599
2080 125 2596 2600
2081 125 2601 2602
2082 125 2601 2603
2083 125 2601 2604
2084 125 2601 2605
2085 125 2606 2607
2086 125 2606 2608
2087 125 2606 2609
2088 125 2606 2610
2089 125 2611 2612
2090 125 2611 2613
2091 125 2611 2614
2092 125 2611 2615
2093 125 2616 2617
2094 125 2616 2618
2095 125 2616 2619
2096 125 2616 2620
2097 125 2621 2622
2098 125 2621 2623
2099 125 2621 2624
2100 125 2621 2625
2101 125 2626 2627
2102 125 2626 2628
2103 125 2626 2629
2104 125 2626 2630
2105 125 2631 2632
2106 125 2631 2633
2107 125 2631 2634
2108 125 2631 2635
2109 125 2636 2637
2110 125 2636 2638
2111 125 2636 2639
2112 125 2636 2640
2113 125 2641 2642
2114 125 2641 2643
2115 125 2641 2644
2116 125 2641 2645
2117 125 2646 2647
2118 125 2646 2648
2119 125 2646 2649
2120 125 2646 2650
2121 125 2651 2652
2122 125 2651 2653
2123 125 2651 2654
2124 125 2651 2655
2125 125 2656 2657
2126 125 2656 2658
2127 125 2656 2659
2128 125 2656 2660
2129 125 2661 2662
2130 125 2661 2663
2131 125 2661 2664
2132 125 2661 2665
2133 125 2666 2667
2134 125 2666 2668
2135 125 2666 2669
2136 125 2666 2670
2137 125 2671 2672
2138 125 2671 2673
2139 125 2671 2674
2140 125 2671 2675
2141 125 2676 2677
2142 125 2676 2678
2143 125 2676 2679
2144 125 2676 2680
2145 125 2681 2682
2146 125 2681 2683
2147 125 2681 2684
2148 125 2681 2685
2149 125 2686 2687
2150 125 2686 2688
2151 125 2686 2689
2152 125 2686 2690
2153 125 2691 2692
2154 125 2691 2693
2155 125 2691 2694
2156 125 2691 2695
2157 125 2696 2697
2158 125 2696 2698
2159 125 2696 2699
2160 125 2696 2700
2161 125 2701 2702
2162 125 2701 2703
2163 125 2701 2704
2164 125 2701 2705
2165 125 2706 2707
2166 125 2706 2708
2167 125 2706 2709
2168 125 2706 2710
2169 125 2711 2712
2170 125 2711 2713
2171 125 2711 2714
2172 125 2711 2715
2173 125 2716 2717
2174 125 2716 2718
2175 125 2716 2719
2176 125 2716 2720
2177 125 2721 2722
2178 125 2721 2723
2179 125 2721 2724
2180 125 2721 2725
2181 125 2726 2727
2182 125 2726 2728
2183 125 2726 2729
2184 125 2726 2730
2185 125 2731 2732
2186 125 2731 2733
2187 125 2731 2734
2188 125 2731 2735
2189 125 2736 2737
2190 125 2736 2738
2191 125 2736 2739
2192 125 2736 2740
2193 125 2741 2742
2194 125 2741 2743
2195 125 2741 2744
2196 125 2741 2745
2197 125 2746 2747
2198 125 2746 2748
2199 125 2746 2749
2200 125 2746 2750
2201 125 2751 2752
2202 125 2751 2753
2203 125 2751 2754
2204 125 2751 2755
2205 125 2756 2757
2206 125 2756 2758
2207 125 2756 2759
2208 125 2756 2760
2209 125 2761 2762
2210 125 2761 2763
2211 125 2761 2764
2212 125 2761 2765
2213 125 2766 2767
2214 125 2766 2768
2215 125 2766 2769
2216 125 2766 2770
2217 125 2771 2772
2218 125 2771 2773
2219 125 2771 2774
2220 125 2771 2775
2221 125 2776 2777
2222 125 2776 2778
2223 125 2776 2779
2224 125 2776 2780
2225 125 2781 2782
2226 125 2781 2783
2227 125 2781 2784
2228 125 2781 2785
2229 125 2786 2787
2230 125 2786 2788
2231 125 2786 2789
2232 125 2786 2790
2233 125 2791 2792
2234 125 2791 2793
2235 125 2791 2794
2236 125 2791 2795
2237 125 2796 2797
2238 125 2796 2798
2239 125 2796 2799
2240 125 2796 2800
2241 125 2801 2802
2242 125 2801 2803
2243 125 2801 2804
2244 125 2801 2805
2245 125 2806 2807
2246 125 2806 2808
2247 125 2806 2809
2248 125 2806 2810
2249 125 2811 2812
2250 125 2811 2813
2251 125 2811 2814
2252 125 2811 2815
2253 125 2816 2817
2254 125 2816 2818
2255 125 2816 2819
2256 125 2816 2820
2257 125 2821 2822
2258 125 2821 2823
2259 125 2821 2824
2260 125 2821 2825
2261 125 2826 2827
2262 125 2826 2828
2263 125 2826 2829
2264 125 2826 2830
2265 125 2831 2832
2266 125 2831 2833
2267 125 2831 2834
2268 125 2831 2835
2269 125 2836 2837
2270 125 2836 2838
2271 125 2836 2839
2272 125 2836 2840
2273 125 2841 2842
2274 125 2841 2843
2275 125 2841 2844
2276 125 2841 2845
2277 125 2846 2847
2278 125 2846 2848
2279 125 2846 2849
2280 125 2846 2850
2281 125 2851 2852
2282 125 2851 2853
2283 125 2851 2854
2284 125 2851 2855
2285 125 2856 2857
2286 125 2856 2858
2287 125 2856 2859
2288 125 2856 2860
2289 125 2861 2862
2290 125 2861 2863
2291 125 2861 2864
2292 125 2861 2865
2293 125 2866 2867
2294 125 2866 2868
2295 125 2866 2869
2296 125 2866 2870
2297 125 2871 2872
2298 125 2871 2873
2299 125 2871 2874
2300 125 2871 2875
2301 125 2876 2877
2302 125 2876 2878
2303 125 2876 2879
2304 125 2876 2880
2305 125 2881 2882
2306 125 2881 2883
2307 125 2881 2884
2308 125 2881 2885
2309 125 2886 2887
2310 125 2886 2888
2311 125 2886 2889
2312 125 2886 2890
2313 125 2891 2892
2314 125 2891 2893
2315 125 2891 2894
2316 125 2891 2895
2317 125 2896 2897
2318 125 2896 2898
2319 125 2896 2899
2320 125 2896 2900
2321 125 2901 2902
2322 125 2901 2903
2323 125 2901 2904
2324 125 2901 2905
2325 125 2906 2907
2326 125 2906 2908
2327 125 2906 2909
2328 125 2906 2910
2329 125 2911 2912
2330 125 2911 2913
2331 125 2911 2914
2332 125 2911 2915
2333 125 2916 2917
2334 125 2916 2918
2335 125 2916 2919
2336 125 2916 2920
2337 125 2921 2922
2338 125 2921 2923
2339 125 2921 2924
2340 125 2921 2925
2341 125 2926 2927
2342 125 2926 2928
2343 125 2926 2929
2344 125 2926 2930
2345 125 2931 2932
2346 125 2931 2933
2347 125 2931 2934
2348 125 2931 2935
2349 125 2936 2937
2350 125 2936 2938
2351 125 2936 2939
2352 125 2936 2940
2353 125 2941 2942
2354 125 2941 2943
2355 125 2941 2944
2356 125 2941 2945
2357 125 2946 2947
2358 125 2946 2948
2359 125 2946 2949
2360 125 2946 2950
2361 125 2951 2952
2362 125 2951 2953
2363 125 2951 2954
2364 125 2951 2955
2365 125 2956 2957
2366 125 2956 2958
2367 125 2956 2959
2368 125 2956 2960
2369 125 2961 2962
2370 125 2961 2963
2371 125 2961 2964
2372 125 2961 2965
2373 125 2966 2967
2374 125 2966 2968
2375 125 2966 2969
2376 125 2966 2970
2377 125 2971 2972
2378 125 2971 2973
2379 125 2971 2974
2380 125 2971 2975
2381 125 2976 2977
2382 125 2976 2978
2383 125 2976 2979
2384 125 2976 2980
2385 125 2981 2982
2386 125 2981 2983
2387 125 2981 2984
2388 125 2981 2985
2389 125 2986 2987
2390 125 2986 2988
2391 125 2986 2989
2392 125 2986 2990
2393 125 2991 2992
2394 125 2991 2993
2395 125 2991 2994
2396 125 2991 2995
2397 125 2996 2997
2398 125 2996 2998
2399 125 2996 2999
2400 125 2996 3000
2401 125 3001 3002
2402 125 3001 3003
2403 125 3001 3004
2404 125 3001 3005
2405 125 3006 3007
2406 125 3006 3008
2407 125 3006 3009
2408 125 3006 3010
2409 125 3011 3012
2410 125 3011 3013
2411 125 3011 3014
2412 125 3011 3015
2413 125 3016 3017
2414 125 3016 3018
2415 125 3016 3019
2416 125 3016 3020
2417 125 3021 3022
2418 125 3021 3023
2419 125 3021 3024
2420 125 3021 3025
2421 125 3026 3027
2422 125 3026 3028
2423 125 3026 3029
2424 125 3026 3030
2425 125 3031 3032
2426 125 3031 3033
2427 125 3031 3034
2428 125 3031 3035
2429 125 3036 3037
2430 125 3036 3038
2431 125 3036 3039
2432 125 3036 3040
2433 125 3041 3042
2434 125 3041 3043
2435 125 3041 3044
2436 125 3041 3045
2437 125 3046 3047
2438 125 3046 3048
2439 125 3046 3049
2440 125 3046 3050
2441 125 3051 3052
2442 125 3051 3053
2443 125 3051 3054
2444 125 3051 3055
2445 125 3056 3057
2446 125 3056 3058
2447 125 3056 3059
2448 125 3056 3060
2449 125 3061 3062
2450 125 3061 3063
2451 125 3061 3064
2452 125 3061 3065
2453 125 3066 3067
2454 125 3066 3068
2455 125 3066 3069
2456 125 3066 3070
2457 125 3071 3072
2458 125 3071 3073
2459 125 3071 3074
2460 125 3071 3075
2461 125 3076 3077
2462 125 3076 3078
2463 125 3076 3079
2464 125 3076 3080
2465 125 3081 3082
2466 125 3081 3083
2467 125 3081 3084
2468 125 3081 3085
2469 125 3086 3087
2470 125 3086 3088
2471 125 3086 3089
2472 125 3086 3090
2473 125 3091 3092
2474 125 3091 3093
2475 125 3091 3094
2476 125 3091 3095
2477 125 3096 3097
2478 125 3096 3098
2479 125 3096 3099
2480 125 3096 3100
2481 125 3101 3102
2482 125 3101 3103
2483 125 3101 3104
2484 125 3101 3105
2485 125 3106 3107
2486 125 3106 3108
2487 125 3106 3109
2488 125 3106 3110
2489 125 3111 3112
2490 125 3111 3113
2491 125 3111 3114
2492 125 3111 3115
2493 125 3116 3117
2494 125 3116 3118
2495 125 3116 3119
2496 125 3116 3120
2497 125 3121 3122
2498 125 3121 3123
2499 125 3121 3124
2500 125 3121 3125
2501 125 3126 3127
2502 125 3126 3128
2503 125 3126 3129
2504 125 3126 3130
2505 125 3131 3132
2506 125 3131 3133
2507 125 3131 3134
2508 125 3131 3135
2509 125 3136 3137
2510 125 3136 3138
2511 125 3136 3139
2512 125 3136 3140
2513 125 3141 3142
2514 125 3141 3143
2515 125 3141 3144
2516 125 3141 3145
2517 125 3146 3147
2518 125 3146 3148
2519 125 3146 3149
2520 125 3146 3150
2521 125 3151 3152
2522 125 3151 3153
2523 125 3151 3154
2524 125 3151 3155
2525 125 3156 3157
2526 125 3156 3158
2527 125 3156 3159
2528 125 3156 3160
2529 125 3161 3162
2530 125 3161 3163
2531 125 3161 3164
2532 125 3161 3165
2533 125 3166 3167
2534 125 3166 3168
2535 125 3166 3169
2536 125 3166 3170
2537 125 3171 3172
2538 125 3171 3173
2539 125 3171 3174
2540 125 3171 3175
2541 125 3176 3177
2542 125 3176 3178
2543 125 3176 3179
2544 125 3176 3180
2545 125 3181 3182
2546 125 3181 3183
2547 125 3181 3184
2548 125 3181 3185
2549 125 3186 3187
2550 125 3186 3188
2551 125 3186 3189
2552 125 3186 3190
2553 125 3191 3192
2554 125 3191 3193
2555 125 3191 3194
2556 125 3191 3195
2557 125 3196 3197
2558 125 3196 3198
2559 125 3196 3199
2560 125 3196 3200
2561 125 3201 3202
2562 125 3201 3203
2563 125 3201 3204
2564 125 3201 3205
2565 125 3206 3207
2566 125 3206 3208
2567 125 3206 3209
2568 125 3206 3210
2569 125 3211 3212
2570 125 3211 3213
2571 125 3211 3214
2572 125 3211 3215
2573 125 3216 3217
2574 125 3216 3218
2575 125 3216 3219
2576 125 3216 3220
2577 125 3221 3222
2578 125 3221 3223
2579 125 3221 3224
2580 125 3221 3225
2581 125 3226 3227
2582 125 3226 3228
2583 125 3226 3229
2584 125 3226 3230
2585 125 3231 3232
2586 125 3231 3233
2587 125 3231 3234
2588 125 3231 3235
2589 125 3236 3237
2590 125 3236 3238
2591 125 3236 3239
2592 125 3236 3240
2593 125 3241 3242
2594 125 3241 3243
2595 125 3241 3244
2596 125 3241 3245
2597 125 3246 3247
2598 125 3246 3248
2599 125 3246 3249
2600 125 3246 3250
2601 125 3251 3252
2602 125 3251 3253
2603 125 3251 3254
2604 125 3251 3255
2605 125 3256 3257
2606 125 3256 3258
2607 125 3256 3259
2608 125 3256 3260
2609 125 3261 3262
2610 125 3261 3263
2611 125 3261 3264
2612 125 3261 3265
2613 125 3266 3267
2614 125 3266 3268
2615 125 3266 3269
2616 125 3266 3270
2617 125 3271 3272
2618 125 3271 3273
2619 125 3271 3274
2620 125 3271 3275
2621 125 3276 3277
2622 125 3276 3278
2623 125 3276 3279
2624 125 3276 3280
2625 125 3281 3282
2626 125 3281 3283
2627 125 3281 3284
2628 125 3281 3285
2629 125 3286 3287
2630 125 3286 3288
2631 125 3286 3289
2632 125 3286 3290
2633 125 3291 3292
2634 125 3291 3293
2635 125 3291 3294
2636 125 3291 3295
2637 125 3296 3297
2638 125 3296 3298
2639 125 3296 3299
2640 125 3296 3300
2641 125 3301 3302
2642 125 3301 3303
2643 125 3301 3304
2644 125 3301 3305
2645 125 3306 3307
2646 125 3306 3308
2647 125 3306 3309
2648 125 3306 3310
2649 125 3311 3312
2650 125 3311 3313
2651 125 3311 3314
2652 125 3311 3315
2653 125 3316 3317
2654 125 3316 3318
2655 125 3316 3319
2656 125 3316 3320
2657 125 3321 3322
2658 125 3321 3323
2659 125 3321 3324
2660 125 3321 3325
2661 125 3326 3327
2662 125 3326 3328
2663 125 3326 3329
2664 125 3326 3330
2665 125 3331 3332
2666 125 3331 3333
2667 125 3331 3334
2668 125 3331 3335
2669 125 3336 3337
2670 125 3336 3338
2671 125 3336 3339
2672 125 3336 3340
2673 125 3341 3342
2674 125 3341 3343
2675 125 3341 3344
2676 125 3341 3345
2677 125 3346 3347
2678 125 3346 3348
2679 125 3346 3349
2680 125 3346 3350
2681 125 3351 3352
2682 125 3351 3353
2683 125 3351 3354
2684 125 3351 3355
2685 125 3356 3357
2686 125 3356 3358
2687 125 3356 3359
2688 125 3356 3360
2689 125 3361 3362
2690 125 3361 3363
2691 125 3361 3364
2692 125 3361 3365
2693 125 3366 3367
2694 125 3366 3368
2695 125 3366 3369
2696 125 3366 3370
2697 125 3371 3372
2698 125 3371 3373
2699 125 3371 3374
2700 125 3371 3375
2701 125 3376 3377
2702 125 3376 3378
2703 125 3376 3379
2704 125 3376 3380
2705 125 3381 3382
2706 125 3381 3383
2707 125 3381 3384
2708 125 3381 3385
2709 125 3386 3387
2710 125 3386 3388
2711 125 3386 3389
2712 125 3386 3390
2713 125 3391 3392
2714 125 3391 3393
2715 125 3391 3394
2716 125 3391 3395
2717 125 3396 3397
2718 125 3396 3398
2719 125 3396 3399
2720 125 3396 3400
2721 125 3401 3402
2722 125 3401 3403
2723 125 3401 3404
2724 125 3401 3405
2725 125 3406 3407
2726 125 3406 3408
2727 125 3406 3409
2728 125 3406 3410
2729 125 3411 3412
2730 125 3411 3413
2731 125 3411 3414
2732 125 3411 3415
2733 125 3416 3417
2734 125 3416 3418
2735 125 3416 3419
2736 125 3416 3420
2737 125 3421 3422
2738 125 3421 3423
2739 125 3421 3424
2740 125 3421 3425
2741 125 3426 3427
2742 125 3426 3428
2743 125 3426 3429
2744 125 3426 3430
2745 125 3431 3432
2746 125 3431 3433
2747 125 3431 3434
2748 125 3431 3435
2749 125 3436 3437
2750 125 3436 3438
2751 125 3436 3439
2752 125 3436 3440
2753 125 3441 3442
2754 125 3441 3443
2755 125 3441 3444
2756 125 3441 3445
2757 125 3446 3447
2758 125 3446 3448
2759 125 3446 3449
2760 125 3446 3450
2761 125 3451 3452
2762 125 3451 3453
2763 125 3451 3454
2764 125 3451 3455
2765 125 3456 3457
2766 125 3456 3458
2767 125 3456 3459
2768 125 3456 3460
2769 125 3461 3462
2770 125 3461 3463
2771 125 3461 3464
2772 125 3461 3465
2773 125 3466 3467
2774 125 3466 3468
2775 125 3466 3469
2776 125 3466 3470
2777 125 3471 3472
2778 125 3471 3473
2779 125 3471 3474
2780 125 3471 3475
2781 125 3476 3477
2782 125 3476 3478
2783 125 3476 3479
2784 125 3476 3480
2785 125 3481 3482
2786 125 3481 3483
2787 125 3481 3484
2788 125 3481 3485
2789 125 3486 3487
2790 125 3486 3488
2791 125 3486 3489
2792 125 3486 3490
2793 125 3491 3492
2794 125 3491 3493
2795 125 3491 3494
2796 125 3491 3495
2797 125 3496 3497
2798 125 3496 3498
2799 125 3496 3499
2800 125 3496 3500
2801 125 3501 3502
2802 125 3501 3503
2803 125 3501 3504
2804 125 3501 3505
2805 125 3506 3507
2806 125 3506 3508
2807 125 3506 3509
2808 125 3506 3510
2809 125 3511 3512
2810 125 3511 3513
2811 125 3511 3514
2812 125 3511 3515
2813 125 3516 3517
2814 125 3516 3518
2815 125 3516 3519
2816 125 3516 3520
2817 125 3521 3522
2818 125 3521 3523
2819 125 3521 3524
2820 125 3521 3525
2821 125 3526 3527
2822 125 3526 3528
2823 125 3526 3529
2824 125 3526 3530
2825 125 3531 3532
2826 125 3531 3533
2827 125 3531 3534
2828 125 3531 3535
2829 125 3536 3537
2830 125 3536 3538
2831 125 3536 3539
2832 125 3536 3540
2833 125 3541 3542
2834 125 3541 3543
2835 125 3541 3544
2836 125 3541 3545
2837 125 3546 3547
2838 125 3546 3548
2839 125 3546 3549
2840 125 3546 3550
2841 125 3551 3552
2842 125 3551 3553
2843 125 3551 3554
2844 125 3551 3555
2845 125 3556 3557
2846 125 3556 3558
2847 125 3556 3559
2848 125 3556 3560
2849 125 3561 3562
2850 125 3561 3563
2851 125 3561 3564
2852 125 3561 3565
2853 125 3566 3567
2854 125 3566 3568
2855 125 3566 3569
2856 125 3566 3570
2857 125 3571 3572
2858 125 3571 3573
2859 125 3571 3574
2860 125 3571 3575
2861 125 3576 3577
2862 125 3576 3578
2863 125 3576 3579
2864 125 3576 3580
2865 125 3581 3582
2866 125 3581 3583
2867 125 3581 3584
2868 125 3581 3585
2869 125 3586 3587
2870 125 3586 3588
2871 125 3586 3589
2872 125 3586 3590
2873 125 3591 3592
2874 125 3591 3593
2875 125 3591 3594
2876 125 3591 3595
2877 125 3596 3597
2878 125 3596 3598
2879 125 3596 3599
2880 125 3596 3600
2881 125 3601 3602
2882 125 3601 3603
2883 125 3601 3604
2884 125 3601 3605
2885 125 3606 3607
2886 125 3606 3608
2887 125 3606 3609
2888 125 3606 3610
2889 125 3611 3612
2890 125 3611 3613
2891 125 3611 3614
2892 125 3611 3615
2893 125 3616 3617
2894 125 3616 3618
2895 125 3616 3619
2896 125 3616 3620
2897 125 3621 3622
2898 125 3621 3623
2899 125 3621 3624
2900 125 3621 3625
2901 125 3626 3627
2902 125 3626 3628
2903 125 3626 3629
2904 125 3626 3630
2905 125 3631 3632
2906 125 3631 3633
2907 125 3631 3634
2908 125 3631 3635
2909 125 3636 3637
2910 125 3636 3638
2911 125 3636 3639
2912 125 3636 3640
2913 125 3641 3642
2914 125 3641 3643
2915 125 3641 3644
2916 125 3641 3645
2917 125 3646 3647
2918 125 3646 3648
2919 125 3646 3649
2920 125 3646 3650
2921 125 3651 3652
2922 125 3651 3653
2923 125 3651 3654
2924 125 3651 3655
2925 125 3656 3657
2926 125 3656 3658
2927 125 3656 3659
2928 125 3656 3660
2929 125 3661 3662
2930 125 3661 3663
2931 125 3661 3664
2932 125 3661 3665
2933 125 3666 3667
2934 125 3666 3668
2935 125 3666 3669
2936 125 3666 3670
2937 125 3671 3672
2938 125 3671 3673
2939 125 3671 3674
2940 125 3671 3675
2941 125 3676 3677
2942 125 3676 3678
2943 125 3676 3679
2944 125 3676 3680
2945 125 3681 3682
2946 125 3681 3683
2947 125 3681 3684
2948 125 3681 3685
2949 125 3686 3687
2950 125 3686 3688
2951 125 3686 3689
2952 125 3686 3690
2953 125 3691 3692
2954 125 3691 3693
2955 125 3691 3694
2956 125 3691 3695
2957 125 3696 3697
2958 125 3696 3698
2959 125 3696 3699
2960 125 3696 3700
2961 125 3701 3702
2962 125 3701 3703
2963 125 3701 3704
2964 125 3701 3705
2965 125 3706 3707
2966 125 3706 3708
2967 125 3706 3709
2968 125 3706 3710
2969 125 3711 3712
2970 125 3711 3713
2971 125 3711 3714
2972 125 3711 3715
2973 125 3716 3717
2974 125 3716 3718
2975 125 3716 3719
2976 125 3716 3720
2977 125 3721 3722
2978 125 3721 3723
2979 125 3721 3724
2980 125 3721 3725
2981 125 3726 3727
2982 125 3726 3728
2983 125 3726 3729
2984 125 3726 3730
2985 125 3731 3732
2986 125 3731 3733
2987 125 3731 3734
2988 125 3731 3735
2989 125 3736 3737
2990 125 3736 3738
2991 125 3736 3739
2992 125 3736 3740
2993 125 3741 3742
2994 125 3741 3743
2995 125 3741 3744
2996 125 3741 3745
2997 125 3746 3747
2998 125 3746 3748
2999 125 3746 3749
3000 125 3746 3750
3001 125 3751 3752
3002 125 3751 3753
3003 125 3751 3754
3004 125 3751 3755
3005 125 3756 3757
3006 125 3756 3758
3007 125 3756 3759
3008 125 3756 3760
3009 125 3761 3762
3010 125 3761 3763
3011 125 3761 3764
3012 125 3761 3765
3013 125 3766 3767
3014 125 3766 3768
3015 125 3766 3769
3016 125 3766 3770
3017 125 3771 3772
3018 125 3771 3773
3019 125 3771 3774
3020 125 3771 3775
3021 125 3776 3777
3022 125 3776 3778
3023 125 3776 3779
3024 125 3776 3780
3025 125 3781 3782
3026 125 3781 3783
3027 125 3781 3784
3028 125 3781 3785
3029 125 3786 3787
3030 125 3786 3788
3031 125 3786 3789
3032 125 3786 3790
3033 125 3791 3792
3034 125 3791 3793
3035 125 3791 3794
3036 125 3791 3795
3037 125 3796 3797
3038 125 3796 3798
3039 125 3796 3799
3040 125 3796 3800
3041 125 3801 3802
3042 125 3801 3803
3043 125 3801 3804
3044 125 3801 3805
3045 125 3806 3807
3046 125 3806 3808
3047 125 3806 3809
3048 125 3806 3810
3049 125 3811 3812
3050 125 3811 3813
3051 125 3811 3814
3052 125 3811 3815
3053 125 3816 3817
3054 125 3816 3818
3055 125 3816 3819
3056 125 3816 3820
3057 125 3821 3822
3058 125 3821 3823
3059 125 3821 3824
3060 125 3821 3825
3061 125 3826 3827
3062 125 3826 3828
3063 125 3826 3829
3064 125 3826 3830
3065 125 3831 3832
3066 125 3831 3833
3067 125 3831 3834
3068 125 3831 3835
3069 125 3836 3837
3070 125 3836 3838
3071 125 3836 3839
3072 125 3836 3840
3073 125 3841 3842
3074 125 3841 3843
3075 125 3841 3844
3076 125 3841 3845
3077 125 3846 3847
3078 125 3846 3848
3079 125 3846 3849
3080 125 3846 3850
3081 125 3851 3852
3082 125 3851 3853
3083 125 3851 3854
3084 125 3851 3855
3085 125 3856 3857
3086 125 3856 3858
3087 125 3856 3859
3088 125 3856 3860
3089 125 3861 3862
3090 125 3861 3863
3091 125 3861 3864
3092 125 3861 3865
3093 125 3866 3867
3094 125 3866 3868
3095 125 3866 3869
3096 125 3866 3870
3097 125 3871 3872
3098 125 3871 3873
3099 125 3871 3874
3100 125 3871 3875
3101 125 3876 3877
3102 125 3876 3878
3103 125 3876 3879
3104 125 3876 3880
3105 125 3881 3882
3106 125 3881 3883
3107 125 3881 3884
3108 125 3881 3885
3109 125 3886 3887
3110 125 3886 3888
3111 125 3886 3889
3112 125 3886 3890
3113 125 3891 3892
3114 125 3891 3893
3115 125 3891 3894
3116 125 3891 3895
3117 125 3896 3897
3118 125 3896 3898
3119 125 3896 3899
3120 125 3896 3900
3121 125 3901 3902
3122 125 3901 3903
3123 125 3901 3904
3124 125 3901 3905
3125 125 3906 3907
3126 125 3906 3908
3127 125 3906 3909
3128 125 3906 3910
3129 125 3911 3912
3130 125 3911 3913
3131 125 3911 3914
3132 125 3911 3915
3133 125 3916 3917
3134 125 3916 3918
3135 125 3916 3919
3136 125 3916 3920
3137 125 3921 3922
3138 125 3921 3923
3139 125 3921 3924
3140 125 3921 3925
3141 125 3926 3927
3142 125 3926 3928
3143 125 3926 3929
3144 125 3926 3930
3145 125 3931 3932
3146 125 3931 3933
3147 125 3931 3934
3148 125 3931 3935
3149 125 3936 3937
3150 125 3936 3938
3151 125 3936 3939
3152 125 3936 3940
3153 125 3941 3942
3154 125 3941 3943
3155 125 3941 3944
3156 125 3941 3945
3157 125 3946 3947
3158 125 3946 3948
3159 125 3946 3949
3160 125 3946 3950
3161 125 3951 3952
3162 125 3951 3953
3163 125 3951 3954
3164 125 3951 3955
3165 125 3956 3957
3166 125 3956 3958
3167 125 3956 3959
3168 125 3956 3960
3169 125 3961 3962
3170 125 3961 3963
3171 125 3961 3964
3172 125 3961 3965
3173 125 3966 3967
3174 125 3966 3968
3175 125 3966 3969
3176 125 3966 3970
3177 125 3971 3972
3178 125 3971 3973
3179 125 3971 3974
3180 125 3971 3975
3181 125 3976 3977
3182 125 3976 3978
3183 125 3976 3979
3184 125 3976 3980
3185 125 3981 3982
3186 125 3981 3983
3187 125 3981 3984
3188 125 3981 3985
3189 125 3986 3987
3190 125 3986 3988
3191 125 3986 3989
3192 125 3986 3990
3193 125 3991 3992
3194 125 3991 3993
3195 125 3991 3994
3196 125 3991 3995
3197 125 3996 3997
3198 125 3996 3998
3199 125 3996 3999
3200 125 3996 4000
3201 125 4001 4002
3202 125 4001 4003
3203 125 4001 4004
3204 125 4001 4005
3205 125 4006 4007
3206 125 4006 4008
3207 125 4006 4009
3208 125 4006 4010
3209 125 4011 4012
3210 125 4011 4013
3211 125 4011 4014
3212 125 4011 4015
3213 125 4016 4017
3214 125 4016 4018
3215 125 4016 4019
3216 125 4016 4020
3217 125 4021 4022
3218 125 4021 4023
3219 125 4021 4024
3220 125 4021 4025
3221 125 4026 4027
3222 125 4026 4028
3223 125 4026 4029
3224 125 4026 4030
3225 125 4031 4032
3226 125 4031 4033
3227 125 4031 4034
3228 125 4031 4035
3229 125 4036 4037
3230 125 4036 4038
3231 125 4036 4039
3232 125 4036 4040
3233 125 4041 4042
3234 125 4041 4043
3235 125 4041 4044
3236 125 4041 4045
3237 125 4046 4047
3238 125 4046 4048
3239 125 4046 4049
3240 125 4046 4050
3241 125 4051 4052
3242 125 4051 4053
3243 125 4051 4054
3244 125 4051 4055
3245 125 4056 4057
3246 125 4056 4058
3247 125 4056 4059
3248 125 4056 4060
3249 125 4061 4062
3250 125 4061 4063
3251 125 4061 4064
3252 125 4061 4065
3253 125 4066 4067
3254 125 4066 4068
3255 125 4066 4069
3256 125 4066 4070
3257 125 4071 4072
3258 125 4071 4073
3259 125 4071 4074
3260 125 4071 4075
3261 125 4076 4077
3262 125 4076 4078
3263 125 4076 4079
3264 125 4076 4080
3265 125 4081 4082
3266 125 4081 4083
3267 125 4081 4084
3268 125 4081 4085
3269 125 4086 4087
3270 125 4086 4088
3271 125 4086 4089
3272 125 4086 4090
3273 125 4091 4092
3274 125 4091 4093
3275 125 4091 4094
3276 125 4091 4095
3277 125 4096 4097
3278 125 4096 4098
3279 125 4096 4099
3280 125 4096 4100
3281 125 4101 4102
3282 125 4101 4103
3283 125 4101 4104
3284 125 4101 4105
3285 125 4106 4107
3286 125 4106 4108
3287 125 4106 4109
3288 125 4106 4110
3289 125 4111 4112
3290 125 4111 4113
3291 125 4111 4114
3292 125 4111 4115
3293 125 4116 4117
3294 125 4116 4118
3295 125 4116 4119
3296 125 4116 4120
3297 125 4121 4122
3298 125 4121 4123
3299 125 4121 4124
3300 125 4121 4125
3301 125 4126 4127
3302 125 4126 4128
3303 125 4126 4129
3304 125 4126 4130
3305 125 4131 4132
3306 125 4131 4133
3307 125 4131 4134
3308 125 4131 4135
3309 125 4136 4137
3310 125 4136 4138
3311 125 4136 4139
3312 125 4136 4140
3313 125 4141 4142
3314 125 4141 4143
3315 125 4141 4144
3316 125 4141 4145
3317 125 4146 4147
3318 125 4146 4148
3319 125 4146 4149
3320 125 4146 4150
3321 125 4151 4152
3322 125 4151 4153
3323 125 4151 4154
3324 125 4151 4155
3325 125 4156 4157
3326 125 4156 4158
3327 125 4156 4159
3328 125 4156 4160
3329 125 4161 4162
3330 125 4161 4163
3331 125 4161 4164
3332 125 4161 4165
3333 125 4166 4167
3334 125 4166 4168
3335 125 4166 4169
3336 125 4166 4170
3337 125 4171 4172
3338 125 4171 4173
3339 125 4171 4174
3340 125 4171 4175
3341 125 4176 4177
3342 125 4176 4178
3343 125 4176 4179
3344 125 4176 4180
3345 125 4181 4182
3346 125 4181 4183
3347 125 4181 4184
3348 125 4181 4185
3349 125 4186 4187
3350 125 4186 4188
3351 125 4186 4189
3352 125 4186 4190
3353 125 4191 4192
3354 125 4191 4193
3355 125 4191 4194
3356 125 4191 4195
3357 125 4196 4197
3358 125 4196 4198
3359 125 4196 4199
3360 125 4196 4200
3361 125 4201 4202
3362 125 4201 4203
3363 125 4201 4204
3364 125 4201 4205
3365 125 4206 4207
3366 125 4206 4208
3367 125 4206 4209
3368 125 4206 4210
3369 125 4211 4212
3370 125 4211 4213
3371 125 4211 4214
3372 125 4211 4215
3373 125 4216 4217
3374 125 4216 4218
3375 125 4216 4219
3376 125 4216 4220
3377 125 4221 4222
3378 125 4221 4223
3379 125 4221 4224
3380 125 4221 4225
3381 125 4226 4227
3382 125 4226 4228
3383 125 4226 4229
3384 125 4226 4230
3385 125 4231 4232
3386 125 4231 4233
3387 125 4231 4234
3388 125 4231 4235
3389 125 4236 4237
3390 125 4236 4238
3391 125 4236 4239
3392 125 4236 4240
3393 125 4241 4242
3394 125 4241 4243
3395 125 4241 4244
3396 125 4241 4245
3397 125 4246 4247
3398 125 4246 4248
3399 125 4246 4249
3400 125 4246 4250
3401 125 4251 4252
3402 125 4251 4253
3403 125 4251 4254
3404 125 4251 4255
3405 125 4256 4257
3406 125 4256 4258
3407 125 4256 4259
3408 125 4256 4260
3409 125 4261 4262
3410 125 4261 4263
3411 125 4261 4264
3412 125 4261 4265
3413 125 4266 4267
3414 125 4266 4268
3415 125 4266 4269
3416 125 4266 4270
3417 125 4271 4272
3418 125 4271 4273
3419 125 4271 4274
3420 125 4271 4275
3421 125 4276 4277
3422 125 4276 4278
3423 125 4276 4279
3424 125 4276 4280
3425 125 4281 4282
3426 125 4281 4283
3427 125 4281 4284
3428 125 4281 4285
3429 125 4286 4287
3430 125 4286 4288
3431 125 4286 4289
3432 125 4286 4290
3433 125 4291 4292
3434 125 4291 4293
3435 125 4291 4294
3436 125 4291 4295
3437 125 4296 4297
3438 125 4296 4298
3439 125 4296 4299
3440 125 4296 4300
3441 125 4301 4302
3442 125 4301 4303
3443 125 4301 4304
3444 125 4301 4305
3445 125 4306 4307
3446 125 4306 4308
3447 125 4306 4309
3448 125 4306 4310
3449 125 4311 4312
3450 125 4311 4313
3451 125 4311 4314
3452 125 4311 4315
3453 125 4316 4317
3454 125 4316 4318
3455 125 4316 4319
3456 125 4316 4320
3457 125 4321 4322
3458 125 4321 4323
3459 125 4321 4324
3460 125 4321 4325
3461 125 4326 4327
3462 125 4326 4328
3463 125 4326 4329
3464 125 4326 4330
3465 125 4331 4332
3466 125 4331 4333
3467 125 4331 4334
3468 125 4331 4335
3469 125 4336 4337
3470 125 4336 4338
3471 125 4336 4339
3472 125 4336 4340
3473 125 4341 4342
3474 125 4341 4343
3475 125 4341 4344
3476 125 4341 4345
3477 125 4346 4347
3478 125 4346 4348
3479 125 4346 4349
3480 125 4346 4350
3481 125 4351 4352
3482 125 4351 4353
3483 125 4351 4354
3484 125 4351 4355
3485 125 4356 4357
3486 125 4356 4358
3487 125 4356 4359
3488 125 4356 4360
3489 125 4361 4362
3490 125 4361 4363
3491 125 4361 4364
3492 125 4361 4365
3493 125 4366 4367
3494 125 4366 4368
3495 125 4366 4369
3496 125 4366 4370
3497 125 4371 4372
3498 125 4371 4373
3499 125 4371 4374
3500 125 4371 4375
3501 125 4376 4377
3502 125 4376 4378
3503 125 4376 4379
3504 125 4376 4380
3505 125 4381 4382
3506 125 4381 4383
3507 125 4381 4384
3508 125 4381 4385
3509 125 4386 4387
3510 125 4386 4388
3511 125 4386 4389
3512 125 4386 4390
3513 125 4391 4392
3514 125 4391 4393
3515 125 4391 4394
3516 125 4391 4395
3517 125 4396 4397
3518 125 4396 4398
3519 125 4396 4399
3520 125 4396 4400
3521 125 4401 4402
3522 125 4401 4403
3523 125 4401 4404
3524 125 4401 4405
3525 125 4406 4407
3526 125 4406 4408
3527 125 4406 4409
3528 125 4406 4410
3529 125 4411 4412
3530 125 4411 4413
3531 125 4411 4414
3532 125 4411 4415
3533 125 4416 4417
3534 125 4416 4418
3535 125 4416 4419
3536 125 4416 4420
3537 125 4421 4422
3538 125 4421 4423
3539 125 4421 4424
3540 125 4421 4425
3541 125 4426 4427
3542 125 4426 4428
3543 125 4426 4429
3544 125 4426 4430
3545 125 4431 4432
3546 125 4431 4433
3547 125 4431 4434
3548 125 4431 4435
3549 125 4436 4437
3550 125 4436 4438
3551 125 4436 4439
3552 125 4436 4440
3553 125 4441 4442
3554 125 4441 4443
3555 125 4441 4444
3556 125 4441 4445
3557 125 4446 4447
3558 125 4446 4448
3559 125 4446 4449
3560 125 4446 4450
3561 125 4451 4452
3562 125 4451 4453
3563 125 4451 4454
3564 125 4451 4455
3565 125 4456 4457
3566 125 4456 4458
3567 125 4456 4459
3568 125 4456 4460
3569 125 4461 4462
3570 125 4461 4463
3571 125 4461 4464
3572 125 4461 4465
3573 125 4466 4467
3574 125 4466 4468
3575 125 4466 4469
3576 125 4466 4470
3577 125 4471 4472
3578 125 4471 4473
3579 125 4471 4474
3580 125 4471 4475
3581 125 4476 4477
3582 125 4476 4478
3583 125 4476 4479
3584 125 4476 4480
3585 125 4481 4482
3586 125 4481 4483
3587 125 4481 4484
3588 125 4481 4485
3589 125 4486 4487
3590 125 4486 4488
3591 125 4486 4489
3592 125 4486 4490
3593 125 4491 4492
3594 125 4491 4493
3595 125 4491 4494
3596 125 4491 4495
3597 125 4496 4497
3598 125 4496 4498
3599 125 4496 4499
3600 125 4496 4500
3601 125 4501 4502
3602 125 4501 4503
3603 125 4501 4504
3604 125 4501 4505
3605 125 4506 4507
3606 125 4506 4508
3607 125 4506 4509
3608 125 4506 4510
3609 125 4511 4512
3610 125 4511 4513
3611 125 4511 4514
3612 125 4511 4515
3613 125 4516 4517
3614 125 4516 4518
3615 125 4516 4519
3616 125 4516 4520
3617 125 4521 4522
3618 125 4521 4523
3619 125 4521 4524
3620 125 4521 4525
3621 125 4526 4527
3622 125 4526 4528
3623 125 4526 4529
3624 125 4526 4530
3625 125 4531 4532
3626 125 4531 4533
3627 125 4531 4534
3628 125 4531 4535
3629 125 4536 4537
3630 125 4536 4538
3631 125 4536 4539
3632 125 4536 4540
3633 125 4541 4542
3634 125 4541 4543
3635 125 4541 4544
3636 125 4541 4545
3637 125 4546 4547
3638 125 4546 4548
3639 125 4546 4549
3640 125 4546 4550
3641 125 4551 4552
3642 125 4551 4553
3643 125 4551 4554
3644 125 4551 4555
3645 125 4556 4557
3646 125 4556 4558
3647 125 4556 4559
3648 125 4556 4560
3649 125 4561 4562
3650 125 4561 4563
3651 125 4561 4564
3652 125 4561 4565
3653 125 4566 4567
3654 125 4566 4568
3655 125 4566 4569
3656 125 4566 4570
3657 125 4571 4572
3658 125 4571 4573
3659 125 4571 4574
3660 125 4571 4575
3661 125 4576 4577
3662 125 4576 4578
3663 125 4576 4579
3664 125 4576 4580
3665 125 4581 4582
3666 125 4581 4583
3667 125 4581 4584
3668 125 4581 4585
3669 125 4586 4587
3670 125 4586 4588
3671 125 4586 4589
3672 125 4586 4590
3673 125 4591 4592
3674 125 4591 4593
3675 125 4591 4594
3676 125 4591 4595
3677 125 4596 4597
3678 125 4596 4598
3679 125 4596 4599
3680 125 4596 4600
3681 125 4601 4602
3682 125 4601 4603
3683 125 4601 4604
3684 125 4601 4605
3685 125 4606 4607
3686 125 4606 4608
3687 125 4606 4609
3688 125 4606 4610
3689 125 4611 4612
3690 125 4611 4613
3691 125 4611 4614
3692 125 4611 4615
3693 125 4616 4617
3694 125 4616 4618
3695 125 4616 4619
3696 125 4616 4620
3697 125 4621 4622
3698 125 4621 4623
3699 125 4621 4624
3700 125 4621 4625
3701 125 4626 4627
3702 125 4626 4628
3703 125 4626 4629
3704 125 4626 4630
3705 125 4631 4632
3706 125 4631 4633
3707 125 4631 4634
3708 125 4631 4635
3709 125 4636 4637
3710 125 4636 4638
3711 125 4636 4639
3712 125 4636 4640
3713 125 4641 4642
3714 125 4641 4643
3715 125 4641 4644
3716 125 4641 4645
3717 125 4646 4647
3718 125 4646 4648
3719 125 4646 4649
3720 125 4646 4650
3721 125 4651 4652
3722 125 4651 4653
3723 125 4651 4654
3724 125 4651 4655
3725 125 4656 4657
3726 125 4656 4658
3727 125 4656 4659
3728 125 4656 4660
3729 125 4661 4662
3730 125 4661 4663
3731 125 4661 4664
3732 125 4661 4665
3733 125 4666 4667
3734 125 4666 4668
3735 125 4666 4669
3736 125 4666 4670
3737 125 4671 4672
3738 125 4671 4673
3739 125 4671 4674
3740 125 4671 4675
3741 125 4676 4677
3742 125 4676 4678
3743 125 4676 4679
3744 125 4676 4680
3745 125 4681 4682
3746 125 4681 4683
3747 125 4681 4684
3748 125 4681 4685
3749 125 4686 4687
3750 125 4686 4688
3751 125 4686 4689
3752 125 4686 4690
3753 125 4691 4692
3754 125 4691 4693
3755 125 4691 4694
3756 125 4691 4695
3757 125 4696 4697
3758 125 4696 4698
3759 125 4696 4699
3760 125 4696 4700
3761 125 4701 4702
3762 125 4701 4703
3763 125 4701 4704
3764 125 4701 4705
3765 125 4706 4707
3766 125 4706 4708
3767 125 4706 4709
3768 125 4706 4710
3769 125 4711 4712
3770 125 4711 4713
3771 125 4711 4714
3772 125 4711 4715
3773 125 4716 4717
3774 125 4716 4718
3775 125 4716 4719
3776 125 4716 4720
3777 125 4721 4722
3778 125 4721 4723
3779 125 4721 4724
3780 125 4721 4725
3781 125 4726 4727
3782 125 4726 4728
3783 125 4726 4729
3784 125 4726 4730
3785 125 4731 4732
3786 125 4731 4733
3787 125 4731 4734
3788 125 4731 4735
3789 125 4736 4737
3790 125 4736 4738
3791 125 4736 4739
3792 125 4736 4740
3793 125 4741 4742
3794 125 4741 4743
3795 125 4741 4744
3796 125 4741 4745
3797 125 4746 4747
3798 125 4746 4748
3799 125 4746 4749
3800 125 4746 4750
3801 125 4751 4752
3802 125 4751 4753
3803 125 4751 4754
3804 125 4751 4755
3805 125 4756 4757
3806 125 4756 4758
3807 125 4756 4759
3808 125 4756 4760
3809 125 4761 4762
3810 125 4761 4763
3811 125 4761 4764
3812 125 4761 4765
3813 125 4766 4767
3814 125 4766 4768
3815 125 4766 4769
3816 125 4766 4770
3817 125 4771 4772
3818 125 4771 4773
3819 125 4771 4774
3820 125 4771 4775
3821 125 4776 4777
3822 125 4776 4778
3823 125 4776 4779
3824 125 4776 4780
3825 125 4781 4782
3826 125 4781 4783
3827 125 4781 4784
3828 125 4781 4785
3829 125 4786 4787
3830 125 4786 4788
3831 125 4786 4789
3832 125 4786 4790
3833 125 4791 4792
3834 125 4791 4793
3835 125 4791 4794
3836 125 4791 4795
3837 125 4796 4797
3838 125 4796 4798
3839 125 4796 4799
3840 125 4796 4800
3841 125 4801 4802
3842 125 4801 4803
3843 125 4801 4804
3844 125 4801 4805
3845 125 4806 4807
3846 125 4806 4808
3847 125 4806 4809
3848 125 4806 4810
3849 125 4811 4812
3850 125 4811 4813
3851 125 4811 4814
3852 125 4811 4815
3853 125 4816 4817
3854 125 4816 4818
3855 125 4816 4819
3856 125 4816 4820
3857 125 4821 4822
3858 125 4821 4823
3859 125 4821 4824
3860 125 4821 4825
3861 125 4826 4827
3862 125 4826 4828
3863 125 4826 4829
3864 125 4826 4830
3865 125 4831 4832
3866 125 4831 4833
3867 125 4831 4834
3868 125 4831 4835
3869 125 4836 4837
3870 125 4836 4838
3871 125 4836 4839
3872 125 4836 4840
3873 125 4841 4842
3874 125 4841 4843
3875 125 4841 4844
3876 125 4841 4845
3877 125 4846 4847
3878 125 4846 4848
3879 125 4846 4849
3880 125 4846 4850
3881 125 4851 4852
3882 125 4851 4853
3883 125 4851 4854
3884 125 4851 4855
3885 125 4856 4857
3886 125 4856 4858
3887 125 4856 4859
3888 125 4856 4860
3889 125 4861 4862
3890 125 4861 4863
3891 125 4861 4864
3892 125 4861 4865
3893 125 4866 4867
3894 125 4866 4868
3895 125 4866 4869
3896 125 4866 4870
3897 125 4871 4872
3898 125 4871 4873
3899 125 4871 4874
3900 125 4871 4875
3901 125 4876 4877
3902 125 4876 4878
3903 125 4876 4879
3904 125 4876 4880
3905 125 4881 4882
3906 125 4881 4883
3907 125 4881 4884
3908 125 4881 4885
3909 125 4886 4887
3910 125 4886 4888
3911 125 4886 4889
3912 125 4886 4890
3913 125 4891 4892
3914 125 4891 4893
3915 125 4891 4894
3916 125 4891 4895
3917 125 4896 4897
3918 125 4896 4898
3919 125 4896 4899
3920 125 4896 4900
3921 125 4901 4902
3922 125 4901 4903
3923 125 4901 4904
3924 125 4901 4905
3925 125 4906 4907
3926 125 4906 4908
3927 125 4906 4909
3928 125 4906 4910
3929 125 4911 4912
3930 125 4911 4913
3931 125 4911 4914
3932 125 4911 4915
3933 125 4916 4917
3934 125 4916 4918
3935 125 4916 4919
3936 125 4916 4920
3937 125 4921 4922
3938 125 4921 4923
3939 125 4921 4924
3940 125 4921 4925
3941 125 4926 4927
3942 125 4926 4928
3943 125 4926 4929
3944 125 4926 4930
3945 125 4931 4932
3946 125 4931 4933
3947 125 4931 4934
3948 125 4931 4935
3949 125 4936 4937
3950 125 4936 4938
3951 125 4936 4939
3952 125 4936 4940
3953 125 4941 4942
3954 125 4941 4943
3955 125 4941 4944
3956 125 4941 4945
3957 125 4946 4947
3958 125 4946 4948
3959 125 4946 4949
3960 125 4946 4950
3961 125 4951 4952
3962 125 4951 4953
3963 125 4951 4954
3964 125 4951 4955
3965 125 4956 4957
3966 125 4956 4958
3967 125 4956 4959
3968 125 4956 4960
3969 125 4961 4962
3970 125 4961 4963
3971 125 4961 4964
3972 125 4961 4965
3973 125 4966 4967
3974 125 4966 4968
3975 125 4966 4969
3976 125 4966 4970
3977 125 4971 4972
3978 125 4971 4973
3979 125 4971 4974
3980 125 4971 4975
3981 125 4976 4977
3982 125 4976 4978
3983 125 4976 4979
3984 125 4976 4980
3985 125 4981 4982
3986 125 4981 4983
3987 125 4981 4984
3988 125 4981 4985
3989 125 4986 4987
3990 125 4986 4988
3991 125 4986 4989
3992 125 4986 4990
3993 125 4991 4992
3994 125 4991 4993
3995 125 4991 4994
3996 125 4991 4995
3997 125 4996 4997
3998 125 4996 4998
3999 125 4996 4999
4000 125 4996 5000
