    1 1 2
    2 1 3
    3 1 4
    4 1 5
    5 6 7
    6 6 8
    7 6 9
    8 6 10
    9 11 12
    10 11 13
    11 11 14
    12 11 15
    13 16 17
    14 16 18
    15 16 19
    16 16 20
    17 21 22
    18 21 23
    19 21 24
    20 21 25
    21 26 27
    22 26 28
    23 26 29
    24 26 30
    25 31 32
    26 31 33
    27 31 34
    28 31 35
    29 36 37
    30 36 38
    31 36 39
    32 36 40
    33 41 42
    34 41 43
    35 41 44
    36 41 45
    37 46 47
    38 46 48
    39 46 49
    40 46 50
    41 51 52
    42 51 53
    43 51 54
    44 51 55
    45 56 57
    46 56 58
    47 56 59
    48 56 60
    49 61 62
    50 61 63
    51 61 64
    52 61 65
    53 66 67
    54 66 68
    55 66 69
    56 66 70
    57 71 72
    58 71 73
    59 71 74
    60 71 75
    61 76 77
    62 76 78
    63 76 79
    64 76 80
    65 81 82
    66 81 83
    67 81 84
    68 81 85
    69 86 87
    70 86 88
    71 86 89
    72 86 90
    73 91 92
    74 91 93
    75 91 94
    76 91 95
    77 96 97
    78 96 98
    79 96 99
    80 96 100
    81 101 102
    82 101 103
    83 101 104
    84 101 105
    85 106 107
    86 106 108
    87 106 109
    88 106 110
    89 111 112
    90 111 113
    91 111 114
    92 111 115
    93 116 117
    94 116 118
    95 116 119
    96 116 120
    97 121 122
    98 121 123
    99 121 124
    100 121 125
    101 126 127
    102 126 128
    103 126 129
    104 126 130
    105 131 132
    106 131 133
    107 131 134
    108 131 135
    109 136 137
    110 136 138
    111 136 139
    112 136 140
    113 141 142
    114 141 143
    115 141 144
    116 141 145
    117 146 147
    118 146 148
    119 146 149
    120 146 150
    121 151 152
    122 151 153
    123 151 154
    124 151 155
    125 156 157
    126 156 158
    127 156 159
    128 156 160
    129 161 162
    130 161 163
    131 161 164
    132 161 165
    133 166 167
    134 166 168
    135 166 169
    136 166 170
    137 171 172
    138 171 173
    139 171 174
    140 171 175
    141 176 177
    142 176 178
    143 176 179
    144 176 180
    145 181 182
    146 181 183
    147 181 184
    148 181 185
    149 186 187
    150 186 188
    151 186 189
    152 186 190
    153 191 192
    154 191 193
    155 191 194
    156 191 195
    157 196 197
    158 196 198
    159 196 199
    160 196 200
    161 201 202
    162 201 203
    163 201 204
    164 201 205
    165 206 207
    166 206 208
    167 206 209
    168 206 210
    169 211 212
    170 211 213
    171 211 214
    172 211 215
    173 216 217
    174 216 218
    175 216 219
    176 216 220
    177 221 222
    178 221 223
    179 221 224
    180 221 225
    181 226 227
    182 226 228
    183 226 229
    184 226 230
    185 231 232
    186 231 233
    187 231 234
    188 231 235
    189 236 237
    190 236 238
    191 236 239
    192 236 240
    193 241 242
    194 241 243
    195 241 244
    196 241 245
    197 246 247
    198 246 248
    199 246 249
    200 246 250
    201 251 252
    202 251 253
    203 251 254
    204 251 255
    205 256 257
    206 256 258
    207 256 259
    208 256 260
    209 261 262
    210 261 263
    211 261 264
    212 261 265
    213 266 267
    214 266 268
    215 266 269
    216 266 270
    217 271 272
    218 271 273
    219 271 274
    220 271 275
    221 276 277
    222 276 278
    223 276 279
    224 276 280
    225 281 282
    226 281 283
    227 281 284
    228 281 285
    229 286 287
    230 286 288
    231 286 289
    232 286 290
    233 291 292
    234 291 293
    235 291 294
    236 291 295
    237 296 297
    238 296 298
    239 296 299
    240 296 300
    241 301 302
    242 301 303
    243 301 304
    244 301 305
    245 306 307
    246 306 308
    247 306 309
    248 306 310
    249 311 312
    250 311 313
    251 311 314
    252 311 315
    253 316 317
    254 316 318
    255 316 319
    256 316 320
    257 321 322
    258 321 323
    259 321 324
    260 321 325
    261 326 327
    262 326 328
    263 326 329
    264 326 330
    265 331 332
    266 331 333
    267 331 334
    268 331 335
    269 336 337
    270 336 338
    271 336 339
    272 336 340
    273 341 342
    274 341 343
    275 341 344
    276 341 345
    277 346 347
    278 346 348
    279 346 349
    280 346 350
    281 351 352
    282 351 353
    283 351 354
    284 351 355
    285 356 357
    286 356 358
    287 356 359
    288 356 360
    289 361 362
    290 361 363
    291 361 364
    292 361 365
    293 366 367
    294 366 368
    295 366 369
    296 366 370
    297 371 372
    298 371 373
    299 371 374
    300 371 375
    301 376 377
    302 376 378
    303 376 379
    304 376 380
    305 381 382
    306 381 383
    307 381 384
    308 381 385
    309 386 387
    310 386 388
    311 386 389
    312 386 390
    313 391 392
    314 391 393
    315 391 394
    316 391 395
    317 396 397
    318 396 398
    319 396 399
    320 396 400
    321 401 402
    322 401 403
    323 401 404
    324 401 405
    325 406 407
    326 406 408
    327 406 409
    328 406 410
    329 411 412
    330 411 413
    331 411 414
    332 411 415
    333 416 417
    334 416 418
    335 416 419
    336 416 420
    337 421 422
    338 421 423
    339 421 424
    340 421 425
    341 426 427
    342 426 428
    343 426 429
    344 426 430
    345 431 432
    346 431 433
    347 431 434
    348 431 435
    349 436 437
    350 436 438
    351 436 439
    352 436 440
    353 441 442
    354 441 443
    355 441 444
    356 441 445
    357 446 447
    358 446 448
    359 446 449
    360 446 450
    361 451 452
    362 451 453
    363 451 454
    364 451 455
    365 456 457
    366 456 458
    367 456 459
    368 456 460
    369 461 462
    370 461 463
    371 461 464
    372 461 465
    373 466 467
    374 466 468
    375 466 469
    376 466 470
    377 471 472
    378 471 473
    379 471 474
    380 471 475
    381 476 477
    382 476 478
    383 476 479
    384 476 480
    385 481 482
    386 481 483
    387 481 484
    388 481 485
    389 486 487
    390 486 488
    391 486 489
    392 486 490
    393 491 492
    394 491 493
    395 491 494
    396 491 495
    397 496 497
    398 496 498
    399 496 499
    400 496 500
    401 501 502
    402 501 503
    403 501 504
    404 501 505
    405 506 507
    406 506 508
    407 506 509
    408 506 510
    409 511 512
    410 511 513
    411 511 514
    412 511 515
    413 516 517
    414 516 518
    415 516 519
    416 516 520
    417 521 522
    418 521 523
    419 521 524
    420 521 525
    421 526 527
    422 526 528
    423 526 529
    424 526 530
    425 531 532
    426 531 533
    427 531 534
    428 531 535
    429 536 537
    430 536 538
    431 536 539
    432 536 540
    433 541 542
    434 541 543
    435 541 544
    436 541 545
    437 546 547
    438 546 548
    439 546 549
    440 546 550
    441 551 552
    442 551 553
    443 551 554
    444 551 555
    445 556 557
    446 556 558
    447 556 559
    448 556 560
    449 561 562
    450 561 563
    451 561 564
    452 561 565
    453 566 567
    454 566 568
    455 566 569
    456 566 570
    457 571 572
    458 571 573
    459 571 574
    460 571 575
    461 576 577
    462 576 578
    463 576 579
    464 576 580
    465 581 582
    466 581 583
    467 581 584
    468 581 585
    469 586 587
    470 586 588
    471 586 589
    472 586 590
    473 591 592
    474 591 593
    475 591 594
    476 591 595
    477 596 597
    478 596 598
    479 596 599
    480 596 600
    481 601 602
    482 601 603
    483 601 604
    484 601 605
    485 606 607
    486 606 608
    487 606 609
    488 606 610
    489 611 612
    490 611 613
    491 611 614
    492 611 615
    493 616 617
    494 616 618
    495 616 619
    496 616 620
    497 621 622
    498 621 623
    499 621 624
    500 621 625
    501 626 627
    502 626 628
    503 626 629
    504 626 630
    505 631 632
    506 631 633
    507 631 634
    508 631 635
    509 636 637
    510 636 638
    511 636 639
    512 636 640
    513 641 642
    514 641 643
    515 641 644
    516 641 645
    517 646 647
    518 646 648
    519 646 649
    520 646 650
    521 651 652
    522 651 653
    523 651 654
    524 651 655
    525 656 657
    526 656 658
    527 656 659
    528 656 660
    529 661 662
    530 661 663
    531 661 664
    532 661 665
    533 666 667
    534 666 668
    535 666 669
    536 666 670
    537 671 672
    538 671 673
    539 671 674
    540 671 675
    541 676 677
    542 676 678
    543 676 679
    544 676 680
    545 681 682
    546 681 683
    547 681 684
    548 681 685
    549 686 687
    550 686 688
    551 686 689
    552 686 690
    553 691 692
    554 691 693
    555 691 694
    556 691 695
    557 696 697
    558 696 698
    559 696 699
    560 696 700
    561 701 702
    562 701 703
    563 701 704
    564 701 705
    565 706 707
    566 706 708
    567 706 709
    568 706 710
    569 711 712
    570 711 713
    571 711 714
    572 711 715
    573 716 717
    574 716 718
    575 716 719
    576 716 720
    577 721 722
    578 721 723
    579 721 724
    580 721 725
    581 726 727
    582 726 728
    583 726 729
    584 726 730
    585 731 732
    586 731 733
    587 731 734
    588 731 735
    589 736 737
    590 736 738
    591 736 739
    592 736 740
    593 741 742
    594 741 743
    595 741 744
    596 741 745
    597 746 747
    598 746 748
    599 746 749
    600 746 750
    601 751 752
    602 751 753
    603 751 754
    604 751 755
    605 756 757
    606 756 758
    607 756 759
    608 756 760
    609 761 762
    610 761 763
    611 761 764
    612 761 765
    613 766 767
    614 766 768
    615 766 769
    616 766 770
    617 771 772
    618 771 773
    619 771 774
    620 771 775
    621 776 777
    622 776 778
    623 776 779
    624 776 780
    625 781 782
    626 781 783
    627 781 784
    628 781 785
    629 786 787
    630 786 788
    631 786 789
    632 786 790
    633 791 792
    634 791 793
    635 791 794
    636 791 795
    637 796 797
    638 796 798
    639 796 799
    640 796 800
    641 801 802
    642 801 803
    643 801 804
    644 801 805
    645 806 807
    646 806 808
    647 806 809
    648 806 810
    649 811 812
    650 811 813
    651 811 814
    652 811 815
    653 816 817
    654 816 818
    655 816 819
    656 816 820
    657 821 822
    658 821 823
    659 821 824
    660 821 825
    661 826 827
    662 826 828
    663 826 829
    664 826 830
    665 831 832
    666 831 833
    667 831 834
    668 831 835
    669 836 837
    670 836 838
    671 836 839
    672 836 840
    673 841 842
    674 841 843
    675 841 844
    676 841 845
    677 846 847
    678 846 848
    679 846 849
    680 846 850
    681 851 852
    682 851 853
    683 851 854
    684 851 855
    685 856 857
    686 856 858
    687 856 859
    688 856 860
    689 861 862
    690 861 863
    691 861 864
    692 861 865
    693 866 867
    694 866 868
    695 866 869
    696 866 870
    697 871 872
    698 871 873
    699 871 874
    700 871 875
    701 876 877
    702 876 878
    703 876 879
    704 876 880
    705 881 882
    706 881 883
    707 881 884
    708 881 885
    709 886 887
    710 886 888
    711 886 889
    712 886 890
    713 891 892
    714 891 893
    715 891 894
    716 891 895
    717 896 897
    718 896 898
    719 896 899
    720 896 900
    721 901 902
    722 901 903
    723 901 904
    724 901 905
    725 906 907
    726 906 908
    727 906 909
    728 906 910
    729 911 912
    730 911 913
    731 911 914
    732 911 915
    733 916 917
    734 916 918
    735 916 919
    736 916 920
    737 921 922
    738 921 923
    739 921 924
    740 921 925
    741 926 927
    742 926 928
    743 926 929
    744 926 930
    745 931 932
    746 931 933
    747 931 934
    748 931 935
    749 936 937
    750 936 938
    751 936 939
    752 936 940
    753 941 942
    754 941 943
    755 941 944
    756 941 945
    757 946 947
    758 946 948
    759 946 949
    760 946 950
    761 951 952
    762 951 953
    763 951 954
    764 951 955
    765 956 957
    766 956 958
    767 956 959
    768 956 960
    769 961 962
    770 961 963
    771 961 964
    772 961 965
    773 966 967
    774 966 968
    775 966 969
    776 966 970
    777 971 972
    778 971 973
    779 971 974
    780 971 975
    781 976 977
    782 976 978
    783 976 979
    784 976 980
    785 981 982
    786 981 983
    787 981 984
    788 981 985
    789 986 987
    790 986 988
    791 986 989
    792 986 990
    793 991 992
    794 991 993
    795 991 994
    796 991 995
    797 996 997
    798 996 998
    799 996 999
    800 996 1000
    801 1001 1002
    802 1001 1003
    803 1001 1004
    804 1001 1005
    805 1006 1007
    806 1006 1008
    807 1006 1009
    808 1006 1010
    809 1011 1012
    810 1011 1013
    811 1011 1014
    812 1011 1015
    813 1016 1017
    814 1016 1018
    815 1016 1019
    816 1016 1020
    817 1021 1022
    818 1021 1023
    819 1021 1024
    820 1021 1025
    821 1026 1027
    822 1026 1028
    823 1026 1029
    824 1026 1030
    825 1031 1032
    826 1031 1033
    827 1031 1034
    828 1031 1035
    829 1036 1037
    830 1036 1038
    831 1036 1039
    832 1036 1040
    833 1041 1042
    834 1041 1043
    835 1041 1044
    836 1041 1045
    837 1046 1047
    838 1046 1048
    839 1046 1049
    840 1046 1050
    841 1051 1052
    842 1051 1053
    843 1051 1054
    844 1051 1055
    845 1056 1057
    846 1056 1058
    847 1056 1059
    848 1056 1060
    849 1061 1062
    850 1061 1063
    851 1061 1064
    852 1061 1065
    853 1066 1067
    854 1066 1068
    855 1066 1069
    856 1066 1070
    857 1071 1072
    858 1071 1073
    859 1071 1074
    860 1071 1075
    861 1076 1077
    862 1076 1078
    863 1076 1079
    864 1076 1080
    865 1081 1082
    866 1081 1083
    867 1081 1084
    868 1081 1085
    869 1086 1087
    870 1086 1088
    871 1086 1089
    872 1086 1090
    873 1091 1092
    874 1091 1093
    875 1091 1094
    876 1091 1095
    877 1096 1097
    878 1096 1098
    879 1096 1099
    880 1096 1100
    881 1101 1102
    882 1101 1103
    883 1101 1104
    884 1101 1105
    885 1106 1107
    886 1106 1108
    887 1106 1109
    888 1106 1110
    889 1111 1112
    890 1111 1113
    891 1111 1114
    892 1111 1115
    893 1116 1117
    894 1116 1118
    895 1116 1119
    896 1116 1120
    897 1121 1122
    898 1121 1123
    899 1121 1124
    900 1121 1125
    901 1126 1127
    902 1126 1128
    903 1126 1129
    904 1126 1130
    905 1131 1132
    906 1131 1133
    907 1131 1134
    908 1131 1135
    909 1136 1137
    910 1136 1138
    911 1136 1139
    912 1136 1140
    913 1141 1142
    914 1141 1143
    915 1141 1144
    916 1141 1145
    917 1146 1147
    918 1146 1148
    919 1146 1149
    920 1146 1150
    921 1151 1152
    922 1151 1153
    923 1151 1154
    924 1151 1155
    925 1156 1157
    926 1156 1158
    927 1156 1159
    928 1156 1160
    929 1161 1162
    930 1161 1163
    931 1161 1164
    932 1161 1165
    933 1166 1167
    934 1166 1168
    935 1166 1169
    936 1166 1170
    937 1171 1172
    938 1171 1173
    939 1171 1174
    940 1171 1175
    941 1176 1177
    942 1176 1178
    943 1176 1179
    944 1176 1180
    945 1181 1182
    946 1181 1183
    947 1181 1184
    948 1181 1185
    949 1186 1187
    950 1186 1188
    951 1186 1189
    952 1186 1190
    953 1191 1192
    954 1191 1193
    955 1191 1194
    956 1191 1195
    957 1196 1197
    958 1196 1198
    959 1196 1199
    960 1196 1200
    961 1201 1202
    962 1201 1203
    963 1201 1204
    964 1201 1205
    965 1206 1207
    966 1206 1208
    967 1206 1209
    968 1206 1210
    969 1211 1212
    970 1211 1213
    971 1211 1214
    972 1211 1215
    973 1216 1217
    974 1216 1218
    975 1216 1219
    976 1216 1220
    977 1221 1222
    978 1221 1223
    979 1221 1224
    980 1221 1225
    981 1226 1227
    982 1226 1228
    983 1226 1229
    984 1226 1230
    985 1231 1232
    986 1231 1233
    987 1231 1234
    988 1231 1235
    989 1236 1237
    990 1236 1238
    991 1236 1239
    992 1236 1240
    993 1241 1242
    994 1241 1243
    995 1241 1244
    996 1241 1245
    997 1246 1247
    998 1246 1248
    999 1246 1249
    1000 1246 1250
    1001 1251 1252
    1002 1251 1253
    1003 1251 1254
    1004 1251 1255
    1005 1256 1257
    1006 1256 1258
    1007 1256 1259
    1008 1256 1260
    1009 1261 1262
    1010 1261 1263
    1011 1261 1264
    1012 1261 1265
    1013 1266 1267
    1014 1266 1268
    1015 1266 1269
    1016 1266 1270
    1017 1271 1272
    1018 1271 1273
    1019 1271 1274
    1020 1271 1275
    1021 1276 1277
    1022 1276 1278
    1023 1276 1279
    1024 1276 1280
    1025 1281 1282
    1026 1281 1283
    1027 1281 1284
    1028 1281 1285
    1029 1286 1287
    1030 1286 1288
    1031 1286 1289
    1032 1286 1290
    1033 1291 1292
    1034 1291 1293
    1035 1291 1294
    1036 1291 1295
    1037 1296 1297
    1038 1296 1298
    1039 1296 1299
    1040 1296 1300
    1041 1301 1302
    1042 1301 1303
    1043 1301 1304
    1044 1301 1305
    1045 1306 1307
    1046 1306 1308
    1047 1306 1309
    1048 1306 1310
    1049 1311 1312
    1050 1311 1313
    1051 1311 1314
    1052 1311 1315
    1053 1316 1317
    1054 1316 1318
    1055 1316 1319
    1056 1316 1320
    1057 1321 1322
    1058 1321 1323
    1059 1321 1324
    1060 1321 1325
    1061 1326 1327
    1062 1326 1328
    1063 1326 1329
    1064 1326 1330
    1065 1331 1332
    1066 1331 1333
    1067 1331 1334
    1068 1331 1335
    1069 1336 1337
    1070 1336 1338
    1071 1336 1339
    1072 1336 1340
    1073 1341 1342
    1074 1341 1343
    1075 1341 1344
    1076 1341 1345
    1077 1346 1347
    1078 1346 1348
    1079 1346 1349
    1080 1346 1350
    1081 1351 1352
    1082 1351 1353
    1083 1351 1354
    1084 1351 1355
    1085 1356 1357
    1086 1356 1358
    1087 1356 1359
    1088 1356 1360
    1089 1361 1362
    1090 1361 1363
    1091 1361 1364
    1092 1361 1365
    1093 1366 1367
    1094 1366 1368
    1095 1366 1369
    1096 1366 1370
    1097 1371 1372
    1098 1371 1373
    1099 1371 1374
    1100 1371 1375
    1101 1376 1377
    1102 1376 1378
    1103 1376 1379
    1104 1376 1380
    1105 1381 1382
    1106 1381 1383
    1107 1381 1384
    1108 1381 1385
    1109 1386 1387
    1110 1386 1388
    1111 1386 1389
    1112 1386 1390
    1113 1391 1392
    1114 1391 1393
    1115 1391 1394
    1116 1391 1395
    1117 1396 1397
    1118 1396 1398
    1119 1396 1399
    1120 1396 1400
    1121 1401 1402
    1122 1401 1403
    1123 1401 1404
    1124 1401 1405
    1125 1406 1407
    1126 1406 1408
    1127 1406 1409
    1128 1406 1410
    1129 1411 1412
    1130 1411 1413
    1131 1411 1414
    1132 1411 1415
    1133 1416 1417
    1134 1416 1418
    1135 1416 1419
    1136 1416 1420
    1137 1421 1422
    1138 1421 1423
    1139 1421 1424
    1140 1421 1425
    1141 1426 1427
    1142 1426 1428
    1143 1426 1429
    1144 1426 1430
    1145 1431 1432
    1146 1431 1433
    1147 1431 1434
    1148 1431 1435
    1149 1436 1437
    1150 1436 1438
    1151 1436 1439
    1152 1436 1440
    1153 1441 1442
    1154 1441 1443
    1155 1441 1444
    1156 1441 1445
    1157 1446 1447
    1158 1446 1448
    1159 1446 1449
    1160 1446 1450
    1161 1451 1452
    1162 1451 1453
    1163 1451 1454
    1164 1451 1455
    1165 1456 1457
    1166 1456 1458
    1167 1456 1459
    1168 1456 1460
    1169 1461 1462
    1170 1461 1463
    1171 1461 1464
    1172 1461 1465
    1173 1466 1467
    1174 1466 1468
    1175 1466 1469
    1176 1466 1470
    1177 1471 1472
    1178 1471 1473
    1179 1471 1474
    1180 1471 1475
    1181 1476 1477
    1182 1476 1478
    1183 1476 1479
    1184 1476 1480
    1185 1481 1482
    1186 1481 1483
    1187 1481 1484
    1188 1481 1485
    1189 1486 1487
    1190 1486 1488
    1191 1486 1489
    1192 1486 1490
    1193 1491 1492
    1194 1491 1493
    1195 1491 1494
    1196 1491 1495
    1197 1496 1497
    1198 1496 1498
    1199 1496 1499
    1200 1496 1500
    1201 1501 1502
    1202 1501 1503
    1203 1501 1504
    1204 1501 1505
    1205 1506 1507
    1206 1506 1508
    1207 1506 1509
    1208 1506 1510
    1209 1511 1512
    1210 1511 1513
    1211 1511 1514
    1212 1511 1515
    1213 1516 1517
    1214 1516 1518
    1215 1516 1519
    1216 1516 1520
    1217 1521 1522
    1218 1521 1523
    1219 1521 1524
    1220 1521 1525
    1221 1526 1527
    1222 1526 1528
    1223 1526 1529
    1224 1526 1530
    1225 1531 1532
    1226 1531 1533
    1227 1531 1534
    1228 1531 1535
    1229 1536 1537
    1230 1536 1538
    1231 1536 1539
    1232 1536 1540
    1233 1541 1542
    1234 1541 1543
    1235 1541 1544
    1236 1541 1545
    1237 1546 1547
    1238 1546 1548
    1239 1546 1549
    1240 1546 1550
    1241 1551 1552
    1242 1551 1553
    1243 1551 1554
    1244 1551 1555
    1245 1556 1557
    1246 1556 1558
    1247 1556 1559
    1248 1556 1560
    1249 1561 1562
    1250 1561 1563
    1251 1561 1564
    1252 1561 1565
    1253 1566 1567
    1254 1566 1568
    1255 1566 1569
    1256 1566 1570
    1257 1571 1572
    1258 1571 1573
    1259 1571 1574
    1260 1571 1575
    1261 1576 1577
    1262 1576 1578
    1263 1576 1579
    1264 1576 1580
    1265 1581 1582
    1266 1581 1583
    1267 1581 1584
    1268 1581 1585
    1269 1586 1587
    1270 1586 1588
    1271 1586 1589
    1272 1586 1590
    1273 1591 1592
    1274 1591 1593
    1275 1591 1594
    1276 1591 1595
    1277 1596 1597
    1278 1596 1598
    1279 1596 1599
    1280 1596 1600
    1281 1601 1602
    1282 1601 1603
    1283 1601 1604
    1284 1601 1605
    1285 1606 1607
    1286 1606 1608
    1287 1606 1609
    1288 1606 1610
    1289 1611 1612
    1290 1611 1613
    1291 1611 1614
    1292 1611 1615
    1293 1616 1617
    1294 1616 1618
    1295 1616 1619
    1296 1616 1620
    1297 1621 1622
    1298 1621 1623
    1299 1621 1624
    1300 1621 1625
    1301 1626 1627
    1302 1626 1628
    1303 1626 1629
    1304 1626 1630
    1305 1631 1632
    1306 1631 1633
    1307 1631 1634
    1308 1631 1635
    1309 1636 1637
    1310 1636 1638
    1311 1636 1639
    1312 1636 1640
    1313 1641 1642
    1314 1641 1643
    1315 1641 1644
    1316 1641 1645
    1317 1646 1647
    1318 1646 1648
    1319 1646 1649
    1320 1646 1650
    1321 1651 1652
    1322 1651 1653
    1323 1651 1654
    1324 1651 1655
    1325 1656 1657
    1326 1656 1658
    1327 1656 1659
    1328 1656 1660
    1329 1661 1662
    1330 1661 1663
    1331 1661 1664
    1332 1661 1665
    1333 1666 1667
    1334 1666 1668
    1335 1666 1669
    1336 1666 1670
    1337 1671 1672
    1338 1671 1673
    1339 1671 1674
    1340 1671 1675
    1341 1676 1677
    1342 1676 1678
    1343 1676 1679
    1344 1676 1680
    1345 1681 1682
    1346 1681 1683
    1347 1681 1684
    1348 1681 1685
    1349 1686 1687
    1350 1686 1688
    1351 1686 1689
    1352 1686 1690
    1353 1691 1692
    1354 1691 1693
    1355 1691 1694
    1356 1691 1695
    1357 1696 1697
    1358 1696 1698
    1359 1696 1699
    1360 1696 1700
    1361 1701 1702
    1362 1701 1703
    1363 1701 1704
    1364 1701 1705
    1365 1706 1707
    1366 1706 1708
    1367 1706 1709
    1368 1706 1710
    1369 1711 1712
    1370 1711 1713
    1371 1711 1714
    1372 1711 1715
    1373 1716 1717
    1374 1716 1718
    1375 1716 1719
    1376 1716 1720
    1377 1721 1722
    1378 1721 1723
    1379 1721 1724
    1380 1721 1725
    1381 1726 1727
    1382 1726 1728
    1383 1726 1729
    1384 1726 1730
    1385 1731 1732
    1386 1731 1733
    1387 1731 1734
    1388 1731 1735
    1389 1736 1737
    1390 1736 1738
    1391 1736 1739
    1392 1736 1740
    1393 1741 1742
    1394 1741 1743
    1395 1741 1744
    1396 1741 1745
    1397 1746 1747
    1398 1746 1748
    1399 1746 1749
    1400 1746 1750
    1401 1751 1752
    1402 1751 1753
    1403 1751 1754
    1404 1751 1755
    1405 1756 1757
    1406 1756 1758
    1407 1756 1759
    1408 1756 1760
    1409 1761 1762
    1410 1761 1763
    1411 1761 1764
    1412 1761 1765
    1413 1766 1767
    1414 1766 1768
    1415 1766 1769
    1416 1766 1770
    1417 1771 1772
    1418 1771 1773
    1419 1771 1774
    1420 1771 1775
    1421 1776 1777
    1422 1776 1778
    1423 1776 1779
    1424 1776 1780
    1425 1781 1782
    1426 1781 1783
    1427 1781 1784
    1428 1781 1785
    1429 1786 1787
    1430 1786 1788
    1431 1786 1789
    1432 1786 1790
    1433 1791 1792
    1434 1791 1793
    1435 1791 1794
    1436 1791 1795
    1437 1796 1797
    1438 1796 1798
    1439 1796 1799
    1440 1796 1800
    1441 1801 1802
    1442 1801 1803
    1443 1801 1804
    1444 1801 1805
    1445 1806 1807
    1446 1806 1808
    1447 1806 1809
    1448 1806 1810
    1449 1811 1812
    1450 1811 1813
    1451 1811 1814
    1452 1811 1815
    1453 1816 1817
    1454 1816 1818
    1455 1816 1819
    1456 1816 1820
    1457 1821 1822
    1458 1821 1823
    1459 1821 1824
    1460 1821 1825
    1461 1826 1827
    1462 1826 1828
    1463 1826 1829
    1464 1826 1830
    1465 1831 1832
    1466 1831 1833
    1467 1831 1834
    1468 1831 1835
    1469 1836 1837
    1470 1836 1838
    1471 1836 1839
    1472 1836 1840
    1473 1841 1842
    1474 1841 1843
    1475 1841 1844
    1476 1841 1845
    1477 1846 1847
    1478 1846 1848
    1479 1846 1849
    1480 1846 1850
    1481 1851 1852
    1482 1851 1853
    1483 1851 1854
    1484 1851 1855
    1485 1856 1857
    1486 1856 1858
    1487 1856 1859
    1488 1856 1860
    1489 1861 1862
    1490 1861 1863
    1491 1861 1864
    1492 1861 1865
    1493 1866 1867
    1494 1866 1868
    1495 1866 1869
    1496 1866 1870
    1497 1871 1872
    1498 1871 1873
    1499 1871 1874
    1500 1871 1875
    1501 1876 1877
    1502 1876 1878
    1503 1876 1879
    1504 1876 1880
    1505 1881 1882
    1506 1881 1883
    1507 1881 1884
    1508 1881 1885
    1509 1886 1887
    1510 1886 1888
    1511 1886 1889
    1512 1886 1890
    1513 1891 1892
    1514 1891 1893
    1515 1891 1894
    1516 1891 1895
    1517 1896 1897
    1518 1896 1898
    1519 1896 1899
    1520 1896 1900
    1521 1901 1902
    1522 1901 1903
    1523 1901 1904
    1524 1901 1905
    1525 1906 1907
    1526 1906 1908
    1527 1906 1909
    1528 1906 1910
    1529 1911 1912
    1530 1911 1913
    1531 1911 1914
    1532 1911 1915
    1533 1916 1917
    1534 1916 1918
    1535 1916 1919
    1536 1916 1920
    1537 1921 1922
    1538 1921 1923
    1539 1921 1924
    1540 1921 1925
    1541 1926 1927
    1542 1926 1928
    1543 1926 1929
    1544 1926 1930
    1545 1931 1932
    1546 1931 1933
    1547 1931 1934
    1548 1931 1935
    1549 1936 1937
    1550 1936 1938
    1551 1936 1939
    1552 1936 1940
    1553 1941 1942
    1554 1941 1943
    1555 1941 1944
    1556 1941 1945
    1557 1946 1947
    1558 1946 1948
    1559 1946 1949
    1560 1946 1950
    1561 1951 1952
    1562 1951 1953
    1563 1951 1954
    1564 1951 1955
    1565 1956 1957
    1566 1956 1958
    1567 1956 1959
    1568 1956 1960
    1569 1961 1962
    1570 1961 1963
    1571 1961 1964
    1572 1961 1965
    1573 1966 1967
    1574 1966 1968
    1575 1966 1969
    1576 1966 1970
    1577 1971 1972
    1578 1971 1973
    1579 1971 1974
    1580 1971 1975
    1581 1976 1977
    1582 1976 1978
    1583 1976 1979
    1584 1976 1980
    1585 1981 1982
    1586 1981 1983
    1587 1981 1984
    1588 1981 1985
    1589 1986 1987
    1590 1986 1988
    1591 1986 1989
    1592 1986 1990
    1593 1991 1992
    1594 1991 1993
    1595 1991 1994
    1596 1991 1995
    1597 1996 1997
    1598 1996 1998
    1599 1996 1999
    1600 1996 2000
    1601 2001 2002
    1602 2001 2003
    1603 2001 2004
    1604 2001 2005
    1605 2006 2007
    1606 2006 2008
    1607 2006 2009
    1608 2006 2010
    1609 2011 2012
    1610 2011 2013
    1611 2011 2014
    1612 2011 2015
    1613 2016 2017
    1614 2016 2018
    1615 2016 2019
    1616 2016 2020
    1617 2021 2022
    1618 2021 2023
    1619 2021 2024
    1620 2021 2025
    1621 2026 2027
    1622 2026 2028
    1623 2026 2029
    1624 2026 2030
    1625 2031 2032
    1626 2031 2033
    1627 2031 2034
    1628 2031 2035
    1629 2036 2037
    1630 2036 2038
    1631 2036 2039
    1632 2036 2040
    1633 2041 2042
    1634 2041 2043
    1635 2041 2044
    1636 2041 2045
    1637 2046 2047
    1638 2046 2048
    1639 2046 2049
    1640 2046 2050
    1641 2051 2052
    1642 2051 2053
    1643 2051 2054
    1644 2051 2055
    1645 2056 2057
    1646 2056 2058
    1647 2056 2059
    1648 2056 2060
    1649 2061 2062
    1650 2061 2063
    1651 2061 2064
    1652 2061 2065
    1653 2066 2067
    1654 2066 2068
    1655 2066 2069
    1656 2066 2070
    1657 2071 2072
    1658 2071 2073
    1659 2071 2074
    1660 2071 2075
    1661 2076 2077
    1662 2076 2078
    1663 2076 2079
    1664 2076 2080
    1665 2081 2082
    1666 2081 2083
    1667 2081 2084
    1668 2081 2085
    1669 2086 2087
    1670 2086 2088
    1671 2086 2089
    1672 2086 2090
    1673 2091 2092
    1674 2091 2093
    1675 2091 2094
    1676 2091 2095
    1677 2096 2097
    1678 2096 2098
    1679 2096 2099
    1680 2096 2100
    1681 2101 2102
    1682 2101 2103
    1683 2101 2104
    1684 2101 2105
    1685 2106 2107
    1686 2106 2108
    1687 2106 2109
    1688 2106 2110
    1689 2111 2112
    1690 2111 2113
    1691 2111 2114
    1692 2111 2115
    1693 2116 2117
    1694 2116 2118
    1695 2116 2119
    1696 2116 2120
    1697 2121 2122
    1698 2121 2123
    1699 2121 2124
    1700 2121 2125
    1701 2126 2127
    1702 2126 2128
    1703 2126 2129
    1704 2126 2130
    1705 2131 2132
    1706 2131 2133
    1707 2131 2134
    1708 2131 2135
    1709 2136 2137
    1710 2136 2138
    1711 2136 2139
    1712 2136 2140
    1713 2141 2142
    1714 2141 2143
    1715 2141 2144
    1716 2141 2145
    1717 2146 2147
    1718 2146 2148
    1719 2146 2149
    1720 2146 2150
    1721 2151 2152
    1722 2151 2153
    1723 2151 2154
    1724 2151 2155
    1725 2156 2157
    1726 2156 2158
    1727 2156 2159
    1728 2156 2160
    1729 2161 2162
    1730 2161 2163
    1731 2161 2164
    1732 2161 2165
    1733 2166 2167
    1734 2166 2168
    1735 2166 2169
    1736 2166 2170
    1737 2171 2172
    1738 2171 2173
    1739 2171 2174
    1740 2171 2175
    1741 2176 2177
    1742 2176 2178
    1743 2176 2179
    1744 2176 2180
    1745 2181 2182
    1746 2181 2183
    1747 2181 2184
    1748 2181 2185
    1749 2186 2187
    1750 2186 2188
    1751 2186 2189
    1752 2186 2190
    1753 2191 2192
    1754 2191 2193
    1755 2191 2194
    1756 2191 2195
    1757 2196 2197
    1758 2196 2198
    1759 2196 2199
    1760 2196 2200
    1761 2201 2202
    1762 2201 2203
    1763 2201 2204
    1764 2201 2205
    1765 2206 2207
    1766 2206 2208
    1767 2206 2209
    1768 2206 2210
    1769 2211 2212
    1770 2211 2213
    1771 2211 2214
    1772 2211 2215
    1773 2216 2217
    1774 2216 2218
    1775 2216 2219
    1776 2216 2220
    1777 2221 2222
    1778 2221 2223
    1779 2221 2224
    1780 2221 2225
    1781 2226 2227
    1782 2226 2228
    1783 2226 2229
    1784 2226 2230
    1785 2231 2232
    1786 2231 2233
    1787 2231 2234
    1788 2231 2235
    1789 2236 2237
    1790 2236 2238
    1791 2236 2239
    1792 2236 2240
    1793 2241 2242
    1794 2241 2243
    1795 2241 2244
    1796 2241 2245
    1797 2246 2247
    1798 2246 2248
    1799 2246 2249
    1800 2246 2250
    1801 2251 2252
    1802 2251 2253
    1803 2251 2254
    1804 2251 2255
    1805 2256 2257
    1806 2256 2258
    1807 2256 2259
    1808 2256 2260
    1809 2261 2262
    1810 2261 2263
    1811 2261 2264
    1812 2261 2265
    1813 2266 2267
    1814 2266 2268
    1815 2266 2269
    1816 2266 2270
    1817 2271 2272
    1818 2271 2273
    1819 2271 2274
    1820 2271 2275
    1821 2276 2277
    1822 2276 2278
    1823 2276 2279
    1824 2276 2280
    1825 2281 2282
    1826 2281 2283
    1827 2281 2284
    1828 2281 2285
    1829 2286 2287
    1830 2286 2288
    1831 2286 2289
    1832 2286 2290
    1833 2291 2292
    1834 2291 2293
    1835 2291 2294
    1836 2291 2295
    1837 2296 2297
    1838 2296 2298
    1839 2296 2299
    1840 2296 2300
    1841 2301 2302
    1842 2301 2303
    1843 2301 2304
    1844 2301 2305
    1845 2306 2307
    1846 2306 2308
    1847 2306 2309
    1848 2306 2310
    1849 2311 2312
    1850 2311 2313
    1851 2311 2314
    1852 2311 2315
    1853 2316 2317
    1854 2316 2318
    1855 2316 2319
    1856 2316 2320
    1857 2321 2322
    1858 2321 2323
    1859 2321 2324
    1860 2321 2325
    1861 2326 2327
    1862 2326 2328
    1863 2326 2329
    1864 2326 2330
    1865 2331 2332
    1866 2331 2333
    1867 2331 2334
    1868 2331 2335
    1869 2336 2337
    1870 2336 2338
    1871 2336 2339
    1872 2336 2340
    1873 2341 2342
    1874 2341 2343
    1875 2341 2344
    1876 2341 2345
    1877 2346 2347
    1878 2346 2348
    1879 2346 2349
    1880 2346 2350
    1881 2351 2352
    1882 2351 2353
    1883 2351 2354
    1884 2351 2355
    1885 2356 2357
    1886 2356 2358
    1887 2356 2359
    1888 2356 2360
    1889 2361 2362
    1890 2361 2363
    1891 2361 2364
    1892 2361 2365
    1893 2366 2367
    1894 2366 2368
    1895 2366 2369
    1896 2366 2370
    1897 2371 2372
    1898 2371 2373
    1899 2371 2374
    1900 2371 2375
    1901 2376 2377
    1902 2376 2378
    1903 2376 2379
    1904 2376 2380
    1905 2381 2382
    1906 2381 2383
    1907 2381 2384
    1908 2381 2385
    1909 2386 2387
    1910 2386 2388
    1911 2386 2389
    1912 2386 2390
    1913 2391 2392
    1914 2391 2393
    1915 2391 2394
    1916 2391 2395
    1917 2396 2397
    1918 2396 2398
    1919 2396 2399
    1920 2396 2400
    1921 2401 2402
    1922 2401 2403
    1923 2401 2404
    1924 2401 2405
    1925 2406 2407
    1926 2406 2408
    1927 2406 2409
    1928 2406 2410
    1929 2411 2412
    1930 2411 2413
    1931 2411 2414
    1932 2411 2415
    1933 2416 2417
    1934 2416 2418
    1935 2416 2419
    1936 2416 2420
    1937 2421 2422
    1938 2421 2423
    1939 2421 2424
    1940 2421 2425
    1941 2426 2427
    1942 2426 2428
    1943 2426 2429
    1944 2426 2430
    1945 2431 2432
    1946 2431 2433
    1947 2431 2434
    1948 2431 2435
    1949 2436 2437
    1950 2436 2438
    1951 2436 2439
    1952 2436 2440
    1953 2441 2442
    1954 2441 2443
    1955 2441 2444
    1956 2441 2445
    1957 2446 2447
    1958 2446 2448
    1959 2446 2449
    1960 2446 2450
    1961 2451 2452
    1962 2451 2453
    1963 2451 2454
    1964 2451 2455
    1965 2456 2457
    1966 2456 2458
    1967 2456 2459
    1968 2456 2460
    1969 2461 2462
    1970 2461 2463
    1971 2461 2464
    1972 2461 2465
    1973 2466 2467
    1974 2466 2468
    1975 2466 2469
    1976 2466 2470
    1977 2471 2472
    1978 2471 2473
    1979 2471 2474
    1980 2471 2475
    1981 2476 2477
    1982 2476 2478
    1983 2476 2479
    1984 2476 2480
    1985 2481 2482
    1986 2481 2483
    1987 2481 2484
    1988 2481 2485
    1989 2486 2487
    1990 2486 2488
    1991 2486 2489
    1992 2486 2490
    1993 2491 2492
    1994 2491 2493
    1995 2491 2494
    1996 2491 2495
    1997 2496 2497
    1998 2496 2498
    1999 2496 2499
    2000 2496 2500
    2001 2501 2502
    2002 2501 2503
    2003 2501 2504
    2004 2501 2505
    2005 2506 2507
    2006 2506 2508
    2007 2506 2509
    2008 2506 2510
    2009 2511 2512
    2010 2511 2513
    2011 2511 2514
    2012 2511 2515
    2013 2516 2517
    2014 2516 2518
    2015 2516 2519
    2016 2516 2520
    2017 2521 2522
    2018 2521 2523
    2019 2521 2524
    2020 2521 2525
    2021 2526 2527
    2022 2526 2528
    2023 2526 2529
    2024 2526 2530
    2025 2531 2532
    2026 2531 2533
    2027 2531 2534
    2028 2531 2535
    2029 2536 2537
    2030 2536 2538
    2031 2536 2539
    2032 2536 2540
    2033 2541 2542
    2034 2541 2543
    2035 2541 2544
    2036 2541 2545
    2037 2546 2547
    2038 2546 2548
    2039 2546 2549
    2040 2546 2550
    2041 2551 2552
    2042 2551 2553
    2043 2551 2554
    2044 2551 2555
    2045 2556 2557
    2046 2556 2558
    2047 2556 2559
    2048 2556 2560
    2049 2561 2562
    2050 2561 2563
    2051 2561 2564
    2052 2561 2565
    2053 2566 2567
    2054 2566 2568
    2055 2566 2569
    2056 2566 2570
    2057 2571 2572
    2058 2571 2573
    2059 2571 2574
    2060 2571 2575
    2061 2576 2577
    2062 2576 2578
    2063 2576 2579
    2064 2576 2580
    2065 2581 2582
    2066 2581 2583
    2067 2581 2584
    2068 2581 2585
    2069 2586 2587
    2070 2586 2588
    2071 2586 2589
    2072 2586 2590
    2073 2591 2592
    2074 2591 2593
    2075 2591 2594
    2076 2591 2595
    2077 2596 2597
    2078 2596 2598
    2079 2596 2599
    2080 2596 2600
    2081 2601 2602
    2082 2601 2603
    2083 2601 2604
    2084 2601 2605
    2085 2606 2607
    2086 2606 2608
    2087 2606 2609
    2088 2606 2610
    2089 2611 2612
    2090 2611 2613
    2091 2611 2614
    2092 2611 2615
    2093 2616 2617
    2094 2616 2618
    2095 2616 2619
    2096 2616 2620
    2097 2621 2622
    2098 2621 2623
    2099 2621 2624
    2100 2621 2625
    2101 2626 2627
    2102 2626 2628
    2103 2626 2629
    2104 2626 2630
    2105 2631 2632
    2106 2631 2633
    2107 2631 2634
    2108 2631 2635
    2109 2636 2637
    2110 2636 2638
    2111 2636 2639
    2112 2636 2640
    2113 2641 2642
    2114 2641 2643
    2115 2641 2644
    2116 2641 2645
    2117 2646 2647
    2118 2646 2648
    2119 2646 2649
    2120 2646 2650
    2121 2651 2652
    2122 2651 2653
    2123 2651 2654
    2124 2651 2655
    2125 2656 2657
    2126 2656 2658
    2127 2656 2659
    2128 2656 2660
    2129 2661 2662
    2130 2661 2663
    2131 2661 2664
    2132 2661 2665
    2133 2666 2667
    2134 2666 2668
    2135 2666 2669
    2136 2666 2670
    2137 2671 2672
    2138 2671 2673
    2139 2671 2674
    2140 2671 2675
    2141 2676 2677
    2142 2676 2678
    2143 2676 2679
    2144 2676 2680
    2145 2681 2682
    2146 2681 2683
    2147 2681 2684
    2148 2681 2685
    2149 2686 2687
    2150 2686 2688
    2151 2686 2689
    2152 2686 2690
    2153 2691 2692
    2154 2691 2693
    2155 2691 2694
    2156 2691 2695
    2157 2696 2697
    2158 2696 2698
    2159 2696 2699
    2160 2696 2700
    2161 2701 2702
    2162 2701 2703
    2163 2701 2704
    2164 2701 2705
    2165 2706 2707
    2166 2706 2708
    2167 2706 2709
    2168 2706 2710
    2169 2711 2712
    2170 2711 2713
    2171 2711 2714
    2172 2711 2715
    2173 2716 2717
    2174 2716 2718
    2175 2716 2719
    2176 2716 2720
    2177 2721 2722
    2178 2721 2723
    2179 2721 2724
    2180 2721 2725
    2181 2726 2727
    2182 2726 2728
    2183 2726 2729
    2184 2726 2730
    2185 2731 2732
    2186 2731 2733
    2187 2731 2734
    2188 2731 2735
    2189 2736 2737
    2190 2736 2738
    2191 2736 2739
    2192 2736 2740
    2193 2741 2742
    2194 2741 2743
    2195 2741 2744
    2196 2741 2745
    2197 2746 2747
    2198 2746 2748
    2199 2746 2749
    2200 2746 2750
    2201 2751 2752
    2202 2751 2753
    2203 2751 2754
    2204 2751 2755
    2205 2756 2757
    2206 2756 2758
    2207 2756 2759
    2208 2756 2760
    2209 2761 2762
    2210 2761 2763
    2211 2761 2764
    2212 2761 2765
    2213 2766 2767
    2214 2766 2768
    2215 2766 2769
    2216 2766 2770
    2217 2771 2772
    2218 2771 2773
    2219 2771 2774
    2220 2771 2775
    2221 2776 2777
    2222 2776 2778
    2223 2776 2779
    2224 2776 2780
    2225 2781 2782
    2226 2781 2783
    2227 2781 2784
    2228 2781 2785
    2229 2786 2787
    2230 2786 2788
    2231 2786 2789
    2232 2786 2790
    2233 2791 2792
    2234 2791 2793
    2235 2791 2794
    2236 2791 2795
    2237 2796 2797
    2238 2796 2798
    2239 2796 2799
    2240 2796 2800
    2241 2801 2802
    2242 2801 2803
    2243 2801 2804
    2244 2801 2805
    2245 2806 2807
    2246 2806 2808
    2247 2806 2809
    2248 2806 2810
    2249 2811 2812
    2250 2811 2813
    2251 2811 2814
    2252 2811 2815
    2253 2816 2817
    2254 2816 2818
    2255 2816 2819
    2256 2816 2820
    2257 2821 2822
    2258 2821 2823
    2259 2821 2824
    2260 2821 2825
    2261 2826 2827
    2262 2826 2828
    2263 2826 2829
    2264 2826 2830
    2265 2831 2832
    2266 2831 2833
    2267 2831 2834
    2268 2831 2835
    2269 2836 2837
    2270 2836 2838
    2271 2836 2839
    2272 2836 2840
    2273 2841 2842
    2274 2841 2843
    2275 2841 2844
    2276 2841 2845
    2277 2846 2847
    2278 2846 2848
    2279 2846 2849
    2280 2846 2850
    2281 2851 2852
    2282 2851 2853
    2283 2851 2854
    2284 2851 2855
    2285 2856 2857
    2286 2856 2858
    2287 2856 2859
    2288 2856 2860
    2289 2861 2862
    2290 2861 2863
    2291 2861 2864
    2292 2861 2865
    2293 2866 2867
    2294 2866 2868
    2295 2866 2869
    2296 2866 2870
    2297 2871 2872
    2298 2871 2873
    2299 2871 2874
    2300 2871 2875
    2301 2876 2877
    2302 2876 2878
    2303 2876 2879
    2304 2876 2880
    2305 2881 2882
    2306 2881 2883
    2307 2881 2884
    2308 2881 2885
    2309 2886 2887
    2310 2886 2888
    2311 2886 2889
    2312 2886 2890
    2313 2891 2892
    2314 2891 2893
    2315 2891 2894
    2316 2891 2895
    2317 2896 2897
    2318 2896 2898
    2319 2896 2899
    2320 2896 2900
    2321 2901 2902
    2322 2901 2903
    2323 2901 2904
    2324 2901 2905
    2325 2906 2907
    2326 2906 2908
    2327 2906 2909
    2328 2906 2910
    2329 2911 2912
    2330 2911 2913
    2331 2911 2914
    2332 2911 2915
    2333 2916 2917
    2334 2916 2918
    2335 2916 2919
    2336 2916 2920
    2337 2921 2922
    2338 2921 2923
    2339 2921 2924
    2340 2921 2925
    2341 2926 2927
    2342 2926 2928
    2343 2926 2929
    2344 2926 2930
    2345 2931 2932
    2346 2931 2933
    2347 2931 2934
    2348 2931 2935
    2349 2936 2937
    2350 2936 2938
    2351 2936 2939
    2352 2936 2940
    2353 2941 2942
    2354 2941 2943
    2355 2941 2944
    2356 2941 2945
    2357 2946 2947
    2358 2946 2948
    2359 2946 2949
    2360 2946 2950
    2361 2951 2952
    2362 2951 2953
    2363 2951 2954
    2364 2951 2955
    2365 2956 2957
    2366 2956 2958
    2367 2956 2959
    2368 2956 2960
    2369 2961 2962
    2370 2961 2963
    2371 2961 2964
    2372 2961 2965
    2373 2966 2967
    2374 2966 2968
    2375 2966 2969
    2376 2966 2970
    2377 2971 2972
    2378 2971 2973
    2379 2971 2974
    2380 2971 2975
    2381 2976 2977
    2382 2976 2978
    2383 2976 2979
    2384 2976 2980
    2385 2981 2982
    2386 2981 2983
    2387 2981 2984
    2388 2981 2985
    2389 2986 2987
    2390 2986 2988
    2391 2986 2989
    2392 2986 2990
    2393 2991 2992
    2394 2991 2993
    2395 2991 2994
    2396 2991 2995
    2397 2996 2997
    2398 2996 2998
    2399 2996 2999
    2400 2996 3000
    2401 3001 3002
    2402 3001 3003
    2403 3001 3004
    2404 3001 3005
    2405 3006 3007
    2406 3006 3008
    2407 3006 3009
    2408 3006 3010
    2409 3011 3012
    2410 3011 3013
    2411 3011 3014
    2412 3011 3015
    2413 3016 3017
    2414 3016 3018
    2415 3016 3019
    2416 3016 3020
    2417 3021 3022
    2418 3021 3023
    2419 3021 3024
    2420 3021 3025
    2421 3026 3027
    2422 3026 3028
    2423 3026 3029
    2424 3026 3030
    2425 3031 3032
    2426 3031 3033
    2427 3031 3034
    2428 3031 3035
    2429 3036 3037
    2430 3036 3038
    2431 3036 3039
    2432 3036 3040
    2433 3041 3042
    2434 3041 3043
    2435 3041 3044
    2436 3041 3045
    2437 3046 3047
    2438 3046 3048
    2439 3046 3049
    2440 3046 3050
    2441 3051 3052
    2442 3051 3053
    2443 3051 3054
    2444 3051 3055
    2445 3056 3057
    2446 3056 3058
    2447 3056 3059
    2448 3056 3060
    2449 3061 3062
    2450 3061 3063
    2451 3061 3064
    2452 3061 3065
    2453 3066 3067
    2454 3066 3068
    2455 3066 3069
    2456 3066 3070
    2457 3071 3072
    2458 3071 3073
    2459 3071 3074
    2460 3071 3075
    2461 3076 3077
    2462 3076 3078
    2463 3076 3079
    2464 3076 3080
    2465 3081 3082
    2466 3081 3083
    2467 3081 3084
    2468 3081 3085
    2469 3086 3087
    2470 3086 3088
    2471 3086 3089
    2472 3086 3090
    2473 3091 3092
    2474 3091 3093
    2475 3091 3094
    2476 3091 3095
    2477 3096 3097
    2478 3096 3098
    2479 3096 3099
    2480 3096 3100
    2481 3101 3102
    2482 3101 3103
    2483 3101 3104
    2484 3101 3105
    2485 3106 3107
    2486 3106 3108
    2487 3106 3109
    2488 3106 3110
    2489 3111 3112
    2490 3111 3113
    2491 3111 3114
    2492 3111 3115
    2493 3116 3117
    2494 3116 3118
    2495 3116 3119
    2496 3116 3120
    2497 3121 3122
    2498 3121 3123
    2499 3121 3124
    2500 3121 3125
    2501 3126 3127
    2502 3126 3128
    2503 3126 3129
    2504 3126 3130
    2505 3131 3132
    2506 3131 3133
    2507 3131 3134
    2508 3131 3135
    2509 3136 3137
    2510 3136 3138
    2511 3136 3139
    2512 3136 3140
    2513 3141 3142
    2514 3141 3143
    2515 3141 3144
    2516 3141 3145
    2517 3146 3147
    2518 3146 3148
    2519 3146 3149
    2520 3146 3150
    2521 3151 3152
    2522 3151 3153
    2523 3151 3154
    2524 3151 3155
    2525 3156 3157
    2526 3156 3158
    2527 3156 3159
    2528 3156 3160
    2529 3161 3162
    2530 3161 3163
    2531 3161 3164
    2532 3161 3165
    2533 3166 3167
    2534 3166 3168
    2535 3166 3169
    2536 3166 3170
    2537 3171 3172
    2538 3171 3173
    2539 3171 3174
    2540 3171 3175
    2541 3176 3177
    2542 3176 3178
    2543 3176 3179
    2544 3176 3180
    2545 3181 3182
    2546 3181 3183
    2547 3181 3184
    2548 3181 3185
    2549 3186 3187
    2550 3186 3188
    2551 3186 3189
    2552 3186 3190
    2553 3191 3192
    2554 3191 3193
    2555 3191 3194
    2556 3191 3195
    2557 3196 3197
    2558 3196 3198
    2559 3196 3199
    2560 3196 3200
    2561 3201 3202
    2562 3201 3203
    2563 3201 3204
    2564 3201 3205
    2565 3206 3207
    2566 3206 3208
    2567 3206 3209
    2568 3206 3210
    2569 3211 3212
    2570 3211 3213
    2571 3211 3214
    2572 3211 3215
    2573 3216 3217
    2574 3216 3218
    2575 3216 3219
    2576 3216 3220
    2577 3221 3222
    2578 3221 3223
    2579 3221 3224
    2580 3221 3225
    2581 3226 3227
    2582 3226 3228
    2583 3226 3229
    2584 3226 3230
    2585 3231 3232
    2586 3231 3233
    2587 3231 3234
    2588 3231 3235
    2589 3236 3237
    2590 3236 3238
    2591 3236 3239
    2592 3236 3240
    2593 3241 3242
    2594 3241 3243
    2595 3241 3244
    2596 3241 3245
    2597 3246 3247
    2598 3246 3248
    2599 3246 3249
    2600 3246 3250
    2601 3251 3252
    2602 3251 3253
    2603 3251 3254
    2604 3251 3255
    2605 3256 3257
    2606 3256 3258
    2607 3256 3259
    2608 3256 3260
    2609 3261 3262
    2610 3261 3263
    2611 3261 3264
    2612 3261 3265
    2613 3266 3267
    2614 3266 3268
    2615 3266 3269
    2616 3266 3270
    2617 3271 3272
    2618 3271 3273
    2619 3271 3274
    2620 3271 3275
    2621 3276 3277
    2622 3276 3278
    2623 3276 3279
    2624 3276 3280
    2625 3281 3282
    2626 3281 3283
    2627 3281 3284
    2628 3281 3285
    2629 3286 3287
    2630 3286 3288
    2631 3286 3289
    2632 3286 3290
    2633 3291 3292
    2634 3291 3293
    2635 3291 3294
    2636 3291 3295
    2637 3296 3297
    2638 3296 3298
    2639 3296 3299
    2640 3296 3300
    2641 3301 3302
    2642 3301 3303
    2643 3301 3304
    2644 3301 3305
    2645 3306 3307
    2646 3306 3308
    2647 3306 3309
    2648 3306 3310
    2649 3311 3312
    2650 3311 3313
    2651 3311 3314
    2652 3311 3315
    2653 3316 3317
    2654 3316 3318
    2655 3316 3319
    2656 3316 3320
    2657 3321 3322
    2658 3321 3323
    2659 3321 3324
    2660 3321 3325
    2661 3326 3327
    2662 3326 3328
    2663 3326 3329
    2664 3326 3330
    2665 3331 3332
    2666 3331 3333
    2667 3331 3334
    2668 3331 3335
    2669 3336 3337
    2670 3336 3338
    2671 3336 3339
    2672 3336 3340
    2673 3341 3342
    2674 3341 3343
    2675 3341 3344
    2676 3341 3345
    2677 3346 3347
    2678 3346 3348
    2679 3346 3349
    2680 3346 3350
    2681 3351 3352
    2682 3351 3353
    2683 3351 3354
    2684 3351 3355
    2685 3356 3357
    2686 3356 3358
    2687 3356 3359
    2688 3356 3360
    2689 3361 3362
    2690 3361 3363
    2691 3361 3364
    2692 3361 3365
    2693 3366 3367
    2694 3366 3368
    2695 3366 3369
    2696 3366 3370
    2697 3371 3372
    2698 3371 3373
    2699 3371 3374
    2700 3371 3375
    2701 3376 3377
    2702 3376 3378
    2703 3376 3379
    2704 3376 3380
    2705 3381 3382
    2706 3381 3383
    2707 3381 3384
    2708 3381 3385
    2709 3386 3387
    2710 3386 3388
    2711 3386 3389
    2712 3386 3390
    2713 3391 3392
    2714 3391 3393
    2715 3391 3394
    2716 3391 3395
    2717 3396 3397
    2718 3396 3398
    2719 3396 3399
    2720 3396 3400
    2721 3401 3402
    2722 3401 3403
    2723 3401 3404
    2724 3401 3405
    2725 3406 3407
    2726 3406 3408
    2727 3406 3409
    2728 3406 3410
    2729 3411 3412
    2730 3411 3413
    2731 3411 3414
    2732 3411 3415
    2733 3416 3417
    2734 3416 3418
    2735 3416 3419
    2736 3416 3420
    2737 3421 3422
    2738 3421 3423
    2739 3421 3424
    2740 3421 3425
    2741 3426 3427
    2742 3426 3428
    2743 3426 3429
    2744 3426 3430
    2745 3431 3432
    2746 3431 3433
    2747 3431 3434
    2748 3431 3435
    2749 3436 3437
    2750 3436 3438
    2751 3436 3439
    2752 3436 3440
    2753 3441 3442
    2754 3441 3443
    2755 3441 3444
    2756 3441 3445
    2757 3446 3447
    2758 3446 3448
    2759 3446 3449
    2760 3446 3450
    2761 3451 3452
    2762 3451 3453
    2763 3451 3454
    2764 3451 3455
    2765 3456 3457
    2766 3456 3458
    2767 3456 3459
    2768 3456 3460
    2769 3461 3462
    2770 3461 3463
    2771 3461 3464
    2772 3461 3465
    2773 3466 3467
    2774 3466 3468
    2775 3466 3469
    2776 3466 3470
    2777 3471 3472
    2778 3471 3473
    2779 3471 3474
    2780 3471 3475
    2781 3476 3477
    2782 3476 3478
    2783 3476 3479
    2784 3476 3480
    2785 3481 3482
    2786 3481 3483
    2787 3481 3484
    2788 3481 3485
    2789 3486 3487
    2790 3486 3488
    2791 3486 3489
    2792 3486 3490
    2793 3491 3492
    2794 3491 3493
    2795 3491 3494
    2796 3491 3495
    2797 3496 3497
    2798 3496 3498
    2799 3496 3499
    2800 3496 3500
    2801 3501 3502
    2802 3501 3503
    2803 3501 3504
    2804 3501 3505
    2805 3506 3507
    2806 3506 3508
    2807 3506 3509
    2808 3506 3510
    2809 3511 3512
    2810 3511 3513
    2811 3511 3514
    2812 3511 3515
    2813 3516 3517
    2814 3516 3518
    2815 3516 3519
    2816 3516 3520
    2817 3521 3522
    2818 3521 3523
    2819 3521 3524
    2820 3521 3525
    2821 3526 3527
    2822 3526 3528
    2823 3526 3529
    2824 3526 3530
    2825 3531 3532
    2826 3531 3533
    2827 3531 3534
    2828 3531 3535
    2829 3536 3537
    2830 3536 3538
    2831 3536 3539
    2832 3536 3540
    2833 3541 3542
    2834 3541 3543
    2835 3541 3544
    2836 3541 3545
    2837 3546 3547
    2838 3546 3548
    2839 3546 3549
    2840 3546 3550
    2841 3551 3552
    2842 3551 3553
    2843 3551 3554
    2844 3551 3555
    2845 3556 3557
    2846 3556 3558
    2847 3556 3559
    2848 3556 3560
    2849 3561 3562
    2850 3561 3563
    2851 3561 3564
    2852 3561 3565
    2853 3566 3567
    2854 3566 3568
    2855 3566 3569
    2856 3566 3570
    2857 3571 3572
    2858 3571 3573
    2859 3571 3574
    2860 3571 3575
    2861 3576 3577
    2862 3576 3578
    2863 3576 3579
    2864 3576 3580
    2865 3581 3582
    2866 3581 3583
    2867 3581 3584
    2868 3581 3585
    2869 3586 3587
    2870 3586 3588
    2871 3586 3589
    2872 3586 3590
    2873 3591 3592
    2874 3591 3593
    2875 3591 3594
    2876 3591 3595
    2877 3596 3597
    2878 3596 3598
    2879 3596 3599
    2880 3596 3600
    2881 3601 3602
    2882 3601 3603
    2883 3601 3604
    2884 3601 3605
    2885 3606 3607
    2886 3606 3608
    2887 3606 3609
    2888 3606 3610
    2889 3611 3612
    2890 3611 3613
    2891 3611 3614
    2892 3611 3615
    2893 3616 3617
    2894 3616 3618
    2895 3616 3619
    2896 3616 3620
    2897 3621 3622
    2898 3621 3623
    2899 3621 3624
    2900 3621 3625
    2901 3626 3627
    2902 3626 3628
    2903 3626 3629
    2904 3626 3630
    2905 3631 3632
    2906 3631 3633
    2907 3631 3634
    2908 3631 3635
    2909 3636 3637
    2910 3636 3638
    2911 3636 3639
    2912 3636 3640
    2913 3641 3642
    2914 3641 3643
    2915 3641 3644
    2916 3641 3645
    2917 3646 3647
    2918 3646 3648
    2919 3646 3649
    2920 3646 3650
    2921 3651 3652
    2922 3651 3653
    2923 3651 3654
    2924 3651 3655
    2925 3656 3657
    2926 3656 3658
    2927 3656 3659
    2928 3656 3660
    2929 3661 3662
    2930 3661 3663
    2931 3661 3664
    2932 3661 3665
    2933 3666 3667
    2934 3666 3668
    2935 3666 3669
    2936 3666 3670
    2937 3671 3672
    2938 3671 3673
    2939 3671 3674
    2940 3671 3675
    2941 3676 3677
    2942 3676 3678
    2943 3676 3679
    2944 3676 3680
    2945 3681 3682
    2946 3681 3683
    2947 3681 3684
    2948 3681 3685
    2949 3686 3687
    2950 3686 3688
    2951 3686 3689
    2952 3686 3690
    2953 3691 3692
    2954 3691 3693
    2955 3691 3694
    2956 3691 3695
    2957 3696 3697
    2958 3696 3698
    2959 3696 3699
    2960 3696 3700
    2961 3701 3702
    2962 3701 3703
    2963 3701 3704
    2964 3701 3705
    2965 3706 3707
    2966 3706 3708
    2967 3706 3709
    2968 3706 3710
    2969 3711 3712
    2970 3711 3713
    2971 3711 3714
    2972 3711 3715
    2973 3716 3717
    2974 3716 3718
    2975 3716 3719
    2976 3716 3720
    2977 3721 3722
    2978 3721 3723
    2979 3721 3724
    2980 3721 3725
    2981 3726 3727
    2982 3726 3728
    2983 3726 3729
    2984 3726 3730
    2985 3731 3732
    2986 3731 3733
    2987 3731 3734
    2988 3731 3735
    2989 3736 3737
    2990 3736 3738
    2991 3736 3739
    2992 3736 3740
    2993 3741 3742
    2994 3741 3743
    2995 3741 3744
    2996 3741 3745
    2997 3746 3747
    2998 3746 3748
    2999 3746 3749
    3000 3746 3750
    3001 3751 3752
    3002 3751 3753
    3003 3751 3754
    3004 3751 3755
    3005 3756 3757
    3006 3756 3758
    3007 3756 3759
    3008 3756 3760
    3009 3761 3762
    3010 3761 3763
    3011 3761 3764
    3012 3761 3765
    3013 3766 3767
    3014 3766 3768
    3015 3766 3769
    3016 3766 3770
    3017 3771 3772
    3018 3771 3773
    3019 3771 3774
    3020 3771 3775
    3021 3776 3777
    3022 3776 3778
    3023 3776 3779
    3024 3776 3780
    3025 3781 3782
    3026 3781 3783
    3027 3781 3784
    3028 3781 3785
    3029 3786 3787
    3030 3786 3788
    3031 3786 3789
    3032 3786 3790
    3033 3791 3792
    3034 3791 3793
    3035 3791 3794
    3036 3791 3795
    3037 3796 3797
    3038 3796 3798
    3039 3796 3799
    3040 3796 3800
    3041 3801 3802
    3042 3801 3803
    3043 3801 3804
    3044 3801 3805
    3045 3806 3807
    3046 3806 3808
    3047 3806 3809
    3048 3806 3810
    3049 3811 3812
    3050 3811 3813
    3051 3811 3814
    3052 3811 3815
    3053 3816 3817
    3054 3816 3818
    3055 3816 3819
    3056 3816 3820
    3057 3821 3822
    3058 3821 3823
    3059 3821 3824
    3060 3821 3825
    3061 3826 3827
    3062 3826 3828
    3063 3826 3829
    3064 3826 3830
    3065 3831 3832
    3066 3831 3833
    3067 3831 3834
    3068 3831 3835
    3069 3836 3837
    3070 3836 3838
    3071 3836 3839
    3072 3836 3840
    3073 3841 3842
    3074 3841 3843
    3075 3841 3844
    3076 3841 3845
    3077 3846 3847
    3078 3846 3848
    3079 3846 3849
    3080 3846 3850
    3081 3851 3852
    3082 3851 3853
    3083 3851 3854
    3084 3851 3855
    3085 3856 3857
    3086 3856 3858
    3087 3856 3859
    3088 3856 3860
    3089 3861 3862
    3090 3861 3863
    3091 3861 3864
    3092 3861 3865
    3093 3866 3867
    3094 3866 3868
    3095 3866 3869
    3096 3866 3870
    3097 3871 3872
    3098 3871 3873
    3099 3871 3874
    3100 3871 3875
    3101 3876 3877
    3102 3876 3878
    3103 3876 3879
    3104 3876 3880
    3105 3881 3882
    3106 3881 3883
    3107 3881 3884
    3108 3881 3885
    3109 3886 3887
    3110 3886 3888
    3111 3886 3889
    3112 3886 3890
    3113 3891 3892
    3114 3891 3893
    3115 3891 3894
    3116 3891 3895
    3117 3896 3897
    3118 3896 3898
    3119 3896 3899
    3120 3896 3900
    3121 3901 3902
    3122 3901 3903
    3123 3901 3904
    3124 3901 3905
    3125 3906 3907
    3126 3906 3908
    3127 3906 3909
    3128 3906 3910
    3129 3911 3912
    3130 3911 3913
    3131 3911 3914
    3132 3911 3915
    3133 3916 3917
    3134 3916 3918
    3135 3916 3919
    3136 3916 3920
    3137 3921 3922
    3138 3921 3923
    3139 3921 3924
    3140 3921 3925
    3141 3926 3927
    3142 3926 3928
    3143 3926 3929
    3144 3926 3930
    3145 3931 3932
    3146 3931 3933
    3147 3931 3934
    3148 3931 3935
    3149 3936 3937
    3150 3936 3938
    3151 3936 3939
    3152 3936 3940
    3153 3941 3942
    3154 3941 3943
    3155 3941 3944
    3156 3941 3945
    3157 3946 3947
    3158 3946 3948
    3159 3946 3949
    3160 3946 3950
    3161 3951 3952
    3162 3951 3953
    3163 3951 3954
    3164 3951 3955
    3165 3956 3957
    3166 3956 3958
    3167 3956 3959
    3168 3956 3960
    3169 3961 3962
    3170 3961 3963
    3171 3961 3964
    3172 3961 3965
    3173 3966 3967
    3174 3966 3968
    3175 3966 3969
    3176 3966 3970
    3177 3971 3972
    3178 3971 3973
    3179 3971 3974
    3180 3971 3975
    3181 3976 3977
    3182 3976 3978
    3183 3976 3979
    3184 3976 3980
    3185 3981 3982
    3186 3981 3983
    3187 3981 3984
    3188 3981 3985
    3189 3986 3987
    3190 3986 3988
    3191 3986 3989
    3192 3986 3990
    3193 3991 3992
    3194 3991 3993
    3195 3991 3994
    3196 3991 3995
    3197 3996 3997
    3198 3996 3998
    3199 3996 3999
    3200 3996 4000
    3201 4001 4002
    3202 4001 4003
    3203 4001 4004
    3204 4001 4005
    3205 4006 4007
    3206 4006 4008
    3207 4006 4009
    3208 4006 4010
    3209 4011 4012
    3210 4011 4013
    3211 4011 4014
    3212 4011 4015
    3213 4016 4017
    3214 4016 4018
    3215 4016 4019
    3216 4016 4020
    3217 4021 4022
    3218 4021 4023
    3219 4021 4024
    3220 4021 4025
    3221 4026 4027
    3222 4026 4028
    3223 4026 4029
    3224 4026 4030
    3225 4031 4032
    3226 4031 4033
    3227 4031 4034
    3228 4031 4035
    3229 4036 4037
    3230 4036 4038
    3231 4036 4039
    3232 4036 4040
    3233 4041 4042
    3234 4041 4043
    3235 4041 4044
    3236 4041 4045
    3237 4046 4047
    3238 4046 4048
    3239 4046 4049
    3240 4046 4050
    3241 4051 4052
    3242 4051 4053
    3243 4051 4054
    3244 4051 4055
    3245 4056 4057
    3246 4056 4058
    3247 4056 4059
    3248 4056 4060
    3249 4061 4062
    3250 4061 4063
    3251 4061 4064
    3252 4061 4065
    3253 4066 4067
    3254 4066 4068
    3255 4066 4069
    3256 4066 4070
    3257 4071 4072
    3258 4071 4073
    3259 4071 4074
    3260 4071 4075
    3261 4076 4077
    3262 4076 4078
    3263 4076 4079
    3264 4076 4080
    3265 4081 4082
    3266 4081 4083
    3267 4081 4084
    3268 4081 4085
    3269 4086 4087
    3270 4086 4088
    3271 4086 4089
    3272 4086 4090
    3273 4091 4092
    3274 4091 4093
    3275 4091 4094
    3276 4091 4095
    3277 4096 4097
    3278 4096 4098
    3279 4096 4099
    3280 4096 4100
    3281 4101 4102
    3282 4101 4103
    3283 4101 4104
    3284 4101 4105
    3285 4106 4107
    3286 4106 4108
    3287 4106 4109
    3288 4106 4110
    3289 4111 4112
    3290 4111 4113
    3291 4111 4114
    3292 4111 4115
    3293 4116 4117
    3294 4116 4118
    3295 4116 4119
    3296 4116 4120
    3297 4121 4122
    3298 4121 4123
    3299 4121 4124
    3300 4121 4125
    3301 4126 4127
    3302 4126 4128
    3303 4126 4129
    3304 4126 4130
    3305 4131 4132
    3306 4131 4133
    3307 4131 4134
    3308 4131 4135
    3309 4136 4137
    3310 4136 4138
    3311 4136 4139
    3312 4136 4140
    3313 4141 4142
    3314 4141 4143
    3315 4141 4144
    3316 4141 4145
    3317 4146 4147
    3318 4146 4148
    3319 4146 4149
    3320 4146 4150
    3321 4151 4152
    3322 4151 4153
    3323 4151 4154
    3324 4151 4155
    3325 4156 4157
    3326 4156 4158
    3327 4156 4159
    3328 4156 4160
    3329 4161 4162
    3330 4161 4163
    3331 4161 4164
    3332 4161 4165
    3333 4166 4167
    3334 4166 4168
    3335 4166 4169
    3336 4166 4170
    3337 4171 4172
    3338 4171 4173
    3339 4171 4174
    3340 4171 4175
    3341 4176 4177
    3342 4176 4178
    3343 4176 4179
    3344 4176 4180
    3345 4181 4182
    3346 4181 4183
    3347 4181 4184
    3348 4181 4185
    3349 4186 4187
    3350 4186 4188
    3351 4186 4189
    3352 4186 4190
    3353 4191 4192
    3354 4191 4193
    3355 4191 4194
    3356 4191 4195
    3357 4196 4197
    3358 4196 4198
    3359 4196 4199
    3360 4196 4200
    3361 4201 4202
    3362 4201 4203
    3363 4201 4204
    3364 4201 4205
    3365 4206 4207
    3366 4206 4208
    3367 4206 4209
    3368 4206 4210
    3369 4211 4212
    3370 4211 4213
    3371 4211 4214
    3372 4211 4215
    3373 4216 4217
    3374 4216 4218
    3375 4216 4219
    3376 4216 4220
    3377 4221 4222
    3378 4221 4223
    3379 4221 4224
    3380 4221 4225
    3381 4226 4227
    3382 4226 4228
    3383 4226 4229
    3384 4226 4230
    3385 4231 4232
    3386 4231 4233
    3387 4231 4234
    3388 4231 4235
    3389 4236 4237
    3390 4236 4238
    3391 4236 4239
    3392 4236 4240
    3393 4241 4242
    3394 4241 4243
    3395 4241 4244
    3396 4241 4245
    3397 4246 4247
    3398 4246 4248
    3399 4246 4249
    3400 4246 4250
    3401 4251 4252
    3402 4251 4253
    3403 4251 4254
    3404 4251 4255
    3405 4256 4257
    3406 4256 4258
    3407 4256 4259
    3408 4256 4260
    3409 4261 4262
    3410 4261 4263
    3411 4261 4264
    3412 4261 4265
    3413 4266 4267
    3414 4266 4268
    3415 4266 4269
    3416 4266 4270
    3417 4271 4272
    3418 4271 4273
    3419 4271 4274
    3420 4271 4275
    3421 4276 4277
    3422 4276 4278
    3423 4276 4279
    3424 4276 4280
    3425 4281 4282
    3426 4281 4283
    3427 4281 4284
    3428 4281 4285
    3429 4286 4287
    3430 4286 4288
    3431 4286 4289
    3432 4286 4290
    3433 4291 4292
    3434 4291 4293
    3435 4291 4294
    3436 4291 4295
    3437 4296 4297
    3438 4296 4298
    3439 4296 4299
    3440 4296 4300
    3441 4301 4302
    3442 4301 4303
    3443 4301 4304
    3444 4301 4305
    3445 4306 4307
    3446 4306 4308
    3447 4306 4309
    3448 4306 4310
    3449 4311 4312
    3450 4311 4313
    3451 4311 4314
    3452 4311 4315
    3453 4316 4317
    3454 4316 4318
    3455 4316 4319
    3456 4316 4320
    3457 4321 4322
    3458 4321 4323
    3459 4321 4324
    3460 4321 4325
    3461 4326 4327
    3462 4326 4328
    3463 4326 4329
    3464 4326 4330
    3465 4331 4332
    3466 4331 4333
    3467 4331 4334
    3468 4331 4335
    3469 4336 4337
    3470 4336 4338
    3471 4336 4339
    3472 4336 4340
    3473 4341 4342
    3474 4341 4343
    3475 4341 4344
    3476 4341 4345
    3477 4346 4347
    3478 4346 4348
    3479 4346 4349
    3480 4346 4350
    3481 4351 4352
    3482 4351 4353
    3483 4351 4354
    3484 4351 4355
    3485 4356 4357
    3486 4356 4358
    3487 4356 4359
    3488 4356 4360
    3489 4361 4362
    3490 4361 4363
    3491 4361 4364
    3492 4361 4365
    3493 4366 4367
    3494 4366 4368
    3495 4366 4369
    3496 4366 4370
    3497 4371 4372
    3498 4371 4373
    3499 4371 4374
    3500 4371 4375
    3501 4376 4377
    3502 4376 4378
    3503 4376 4379
    3504 4376 4380
    3505 4381 4382
    3506 4381 4383
    3507 4381 4384
    3508 4381 4385
    3509 4386 4387
    3510 4386 4388
    3511 4386 4389
    3512 4386 4390
    3513 4391 4392
    3514 4391 4393
    3515 4391 4394
    3516 4391 4395
    3517 4396 4397
    3518 4396 4398
    3519 4396 4399
    3520 4396 4400
    3521 4401 4402
    3522 4401 4403
    3523 4401 4404
    3524 4401 4405
    3525 4406 4407
    3526 4406 4408
    3527 4406 4409
    3528 4406 4410
    3529 4411 4412
    3530 4411 4413
    3531 4411 4414
    3532 4411 4415
    3533 4416 4417
    3534 4416 4418
    3535 4416 4419
    3536 4416 4420
    3537 4421 4422
    3538 4421 4423
    3539 4421 4424
    3540 4421 4425
    3541 4426 4427
    3542 4426 4428
    3543 4426 4429
    3544 4426 4430
    3545 4431 4432
    3546 4431 4433
    3547 4431 4434
    3548 4431 4435
    3549 4436 4437
    3550 4436 4438
    3551 4436 4439
    3552 4436 4440
    3553 4441 4442
    3554 4441 4443
    3555 4441 4444
    3556 4441 4445
    3557 4446 4447
    3558 4446 4448
    3559 4446 4449
    3560 4446 4450
    3561 4451 4452
    3562 4451 4453
    3563 4451 4454
    3564 4451 4455
    3565 4456 4457
    3566 4456 4458
    3567 4456 4459
    3568 4456 4460
    3569 4461 4462
    3570 4461 4463
    3571 4461 4464
    3572 4461 4465
    3573 4466 4467
    3574 4466 4468
    3575 4466 4469
    3576 4466 4470
    3577 4471 4472
    3578 4471 4473
    3579 4471 4474
    3580 4471 4475
    3581 4476 4477
    3582 4476 4478
    3583 4476 4479
    3584 4476 4480
    3585 4481 4482
    3586 4481 4483
    3587 4481 4484
    3588 4481 4485
    3589 4486 4487
    3590 4486 4488
    3591 4486 4489
    3592 4486 4490
    3593 4491 4492
    3594 4491 4493
    3595 4491 4494
    3596 4491 4495
    3597 4496 4497
    3598 4496 4498
    3599 4496 4499
    3600 4496 4500
    3601 4501 4502
    3602 4501 4503
    3603 4501 4504
    3604 4501 4505
    3605 4506 4507
    3606 4506 4508
    3607 4506 4509
    3608 4506 4510
    3609 4511 4512
    3610 4511 4513
    3611 4511 4514
    3612 4511 4515
    3613 4516 4517
    3614 4516 4518
    3615 4516 4519
    3616 4516 4520
    3617 4521 4522
    3618 4521 4523
    3619 4521 4524
    3620 4521 4525
    3621 4526 4527
    3622 4526 4528
    3623 4526 4529
    3624 4526 4530
    3625 4531 4532
    3626 4531 4533
    3627 4531 4534
    3628 4531 4535
    3629 4536 4537
    3630 4536 4538
    3631 4536 4539
    3632 4536 4540
    3633 4541 4542
    3634 4541 4543
    3635 4541 4544
    3636 4541 4545
    3637 4546 4547
    3638 4546 4548
    3639 4546 4549
    3640 4546 4550
    3641 4551 4552
    3642 4551 4553
    3643 4551 4554
    3644 4551 4555
    3645 4556 4557
    3646 4556 4558
    3647 4556 4559
    3648 4556 4560
    3649 4561 4562
    3650 4561 4563
    3651 4561 4564
    3652 4561 4565
    3653 4566 4567
    3654 4566 4568
    3655 4566 4569
    3656 4566 4570
    3657 4571 4572
    3658 4571 4573
    3659 4571 4574
    3660 4571 4575
    3661 4576 4577
    3662 4576 4578
    3663 4576 4579
    3664 4576 4580
    3665 4581 4582
    3666 4581 4583
    3667 4581 4584
    3668 4581 4585
    3669 4586 4587
    3670 4586 4588
    3671 4586 4589
    3672 4586 4590
    3673 4591 4592
    3674 4591 4593
    3675 4591 4594
    3676 4591 4595
    3677 4596 4597
    3678 4596 4598
    3679 4596 4599
    3680 4596 4600
    3681 4601 4602
    3682 4601 4603
    3683 4601 4604
    3684 4601 4605
    3685 4606 4607
    3686 4606 4608
    3687 4606 4609
    3688 4606 4610
    3689 4611 4612
    3690 4611 4613
    3691 4611 4614
    3692 4611 4615
    3693 4616 4617
    3694 4616 4618
    3695 4616 4619
    3696 4616 4620
    3697 4621 4622
    3698 4621 4623
    3699 4621 4624
    3700 4621 4625
    3701 4626 4627
    3702 4626 4628
    3703 4626 4629
    3704 4626 4630
    3705 4631 4632
    3706 4631 4633
    3707 4631 4634
    3708 4631 4635
    3709 4636 4637
    3710 4636 4638
    3711 4636 4639
    3712 4636 4640
    3713 4641 4642
    3714 4641 4643
    3715 4641 4644
    3716 4641 4645
    3717 4646 4647
    3718 4646 4648
    3719 4646 4649
    3720 4646 4650
    3721 4651 4652
    3722 4651 4653
    3723 4651 4654
    3724 4651 4655
    3725 4656 4657
    3726 4656 4658
    3727 4656 4659
    3728 4656 4660
    3729 4661 4662
    3730 4661 4663
    3731 4661 4664
    3732 4661 4665
    3733 4666 4667
    3734 4666 4668
    3735 4666 4669
    3736 4666 4670
    3737 4671 4672
    3738 4671 4673
    3739 4671 4674
    3740 4671 4675
    3741 4676 4677
    3742 4676 4678
    3743 4676 4679
    3744 4676 4680
    3745 4681 4682
    3746 4681 4683
    3747 4681 4684
    3748 4681 4685
    3749 4686 4687
    3750 4686 4688
    3751 4686 4689
    3752 4686 4690
    3753 4691 4692
    3754 4691 4693
    3755 4691 4694
    3756 4691 4695
    3757 4696 4697
    3758 4696 4698
    3759 4696 4699
    3760 4696 4700
    3761 4701 4702
    3762 4701 4703
    3763 4701 4704
    3764 4701 4705
    3765 4706 4707
    3766 4706 4708
    3767 4706 4709
    3768 4706 4710
    3769 4711 4712
    3770 4711 4713
    3771 4711 4714
    3772 4711 4715
    3773 4716 4717
    3774 4716 4718
    3775 4716 4719
    3776 4716 4720
    3777 4721 4722
    3778 4721 4723
    3779 4721 4724
    3780 4721 4725
    3781 4726 4727
    3782 4726 4728
    3783 4726 4729
    3784 4726 4730
    3785 4731 4732
    3786 4731 4733
    3787 4731 4734
    3788 4731 4735
    3789 4736 4737
    3790 4736 4738
    3791 4736 4739
    3792 4736 4740
    3793 4741 4742
    3794 4741 4743
    3795 4741 4744
    3796 4741 4745
    3797 4746 4747
    3798 4746 4748
    3799 4746 4749
    3800 4746 4750
    3801 4751 4752
    3802 4751 4753
    3803 4751 4754
    3804 4751 4755
    3805 4756 4757
    3806 4756 4758
    3807 4756 4759
    3808 4756 4760
    3809 4761 4762
    3810 4761 4763
    3811 4761 4764
    3812 4761 4765
    3813 4766 4767
    3814 4766 4768
    3815 4766 4769
    3816 4766 4770
    3817 4771 4772
    3818 4771 4773
    3819 4771 4774
    3820 4771 4775
    3821 4776 4777
    3822 4776 4778
    3823 4776 4779
    3824 4776 4780
    3825 4781 4782
    3826 4781 4783
    3827 4781 4784
    3828 4781 4785
    3829 4786 4787
    3830 4786 4788
    3831 4786 4789
    3832 4786 4790
    3833 4791 4792
    3834 4791 4793
    3835 4791 4794
    3836 4791 4795
    3837 4796 4797
    3838 4796 4798
    3839 4796 4799
    3840 4796 4800
    3841 4801 4802
    3842 4801 4803
    3843 4801 4804
    3844 4801 4805
    3845 4806 4807
    3846 4806 4808
    3847 4806 4809
    3848 4806 4810
    3849 4811 4812
    3850 4811 4813
    3851 4811 4814
    3852 4811 4815
    3853 4816 4817
    3854 4816 4818
    3855 4816 4819
    3856 4816 4820
    3857 4821 4822
    3858 4821 4823
    3859 4821 4824
    3860 4821 4825
    3861 4826 4827
    3862 4826 4828
    3863 4826 4829
    3864 4826 4830
    3865 4831 4832
    3866 4831 4833
    3867 4831 4834
    3868 4831 4835
    3869 4836 4837
    3870 4836 4838
    3871 4836 4839
    3872 4836 4840
    3873 4841 4842
    3874 4841 4843
    3875 4841 4844
    3876 4841 4845
    3877 4846 4847
    3878 4846 4848
    3879 4846 4849
    3880 4846 4850
    3881 4851 4852
    3882 4851 4853
    3883 4851 4854
    3884 4851 4855
    3885 4856 4857
    3886 4856 4858
    3887 4856 4859
    3888 4856 4860
    3889 4861 4862
    3890 4861 4863
    3891 4861 4864
    3892 4861 4865
    3893 4866 4867
    3894 4866 4868
    3895 4866 4869
    3896 4866 4870
    3897 4871 4872
    3898 4871 4873
    3899 4871 4874
    3900 4871 4875
    3901 4876 4877
    3902 4876 4878
    3903 4876 4879
    3904 4876 4880
    3905 4881 4882
    3906 4881 4883
    3907 4881 4884
    3908 4881 4885
    3909 4886 4887
    3910 4886 4888
    3911 4886 4889
    3912 4886 4890
    3913 4891 4892
    3914 4891 4893
    3915 4891 4894
    3916 4891 4895
    3917 4896 4897
    3918 4896 4898
    3919 4896 4899
    3920 4896 4900
    3921 4901 4902
    3922 4901 4903
    3923 4901 4904
    3924 4901 4905
    3925 4906 4907
    3926 4906 4908
    3927 4906 4909
    3928 4906 4910
    3929 4911 4912
    3930 4911 4913
    3931 4911 4914
    3932 4911 4915
    3933 4916 4917
    3934 4916 4918
    3935 4916 4919
    3936 4916 4920
    3937 4921 4922
    3938 4921 4923
    3939 4921 4924
    3940 4921 4925
    3941 4926 4927
    3942 4926 4928
    3943 4926 4929
    3944 4926 4930
    3945 4931 4932
    3946 4931 4933
    3947 4931 4934
    3948 4931 4935
    3949 4936 4937
    3950 4936 4938
    3951 4936 4939
    3952 4936 4940
    3953 4941 4942
    3954 4941 4943
    3955 4941 4944
    3956 4941 4945
    3957 4946 4947
    3958 4946 4948
    3959 4946 4949
    3960 4946 4950
    3961 4951 4952
    3962 4951 4953
    3963 4951 4954
    3964 4951 4955
    3965 4956 4957
    3966 4956 4958
    3967 4956 4959
    3968 4956 4960
    3969 4961 4962
    3970 4961 4963
    3971 4961 4964
    3972 4961 4965
    3973 4966 4967
    3974 4966 4968
    3975 4966 4969
    3976 4966 4970
    3977 4971 4972
    3978 4971 4973
    3979 4971 4974
    3980 4971 4975
    3981 4976 4977
    3982 4976 4978
    3983 4976 4979
    3984 4976 4980
    3985 4981 4982
    3986 4981 4983
    3987 4981 4984
    3988 4981 4985
    3989 4986 4987
    3990 4986 4988
    3991 4986 4989
    3992 4986 4990
    3993 4991 4992
    3994 4991 4993
    3995 4991 4994
    3996 4991 4995
    3997 4996 4997
    3998 4996 4998
    3999 4996 4999
    4000 4996 5000
